1.000000000000000000e+00 9.983440860552206253e-01
2.000000000000000000e+00 2.995152900318066580e-01
3.000000000000000000e+00 1.920558174333461821e-01
4.000000000000000000e+00 1.531024512645410840e-01
5.000000000000000000e+00 1.442193264498909944e-01
6.000000000000000000e+00 1.195887274474722872e-01
7.000000000000000000e+00 1.023117484575577357e-01
8.000000000000000000e+00 8.678019508915035818e-02
9.000000000000000000e+00 8.013051844305568716e-02
1.000000000000000000e+01 7.512448801443466495e-02
1.100000000000000000e+01 6.960214617091145528e-02
1.200000000000000000e+01 6.651088470038221678e-02
1.300000000000000000e+01 6.357787181474193472e-02
1.400000000000000000e+01 6.144208966664879701e-02
1.500000000000000000e+01 5.899937092783882897e-02
1.600000000000000000e+01 5.340695287198852365e-02
1.700000000000000000e+01 4.913156289560293571e-02
1.800000000000000000e+01 4.657112087204512418e-02
1.900000000000000000e+01 4.531254450540359024e-02
2.000000000000000000e+01 4.444181574861293810e-02
2.100000000000000000e+01 4.322233502981309705e-02
2.200000000000000000e+01 4.194769802697506655e-02
2.300000000000000000e+01 4.130843872417825496e-02
2.400000000000000000e+01 4.024104877607948688e-02
2.500000000000000000e+01 3.915124756698878244e-02
2.600000000000000000e+01 3.859125426245006707e-02
2.700000000000000000e+01 3.780850192284746641e-02
2.800000000000000000e+01 3.674827501462134272e-02
2.900000000000000000e+01 3.635745142753702558e-02
3.000000000000000000e+01 3.599634407294931282e-02
3.100000000000000000e+01 3.558234607031249969e-02
3.200000000000000000e+01 3.535762798877788854e-02
3.300000000000000000e+01 3.494489552491535089e-02
3.400000000000000000e+01 3.469826393240468820e-02
3.500000000000000000e+01 3.436967270071817487e-02
3.600000000000000000e+01 3.423235223125362103e-02
3.700000000000000000e+01 3.403590144016656327e-02
3.800000000000000000e+01 3.362303487091178322e-02
3.900000000000000000e+01 3.330238432100669083e-02
4.000000000000000000e+01 3.286405989959567675e-02
4.100000000000000000e+01 3.237512977316334140e-02
4.200000000000000000e+01 3.213530321181304328e-02
4.300000000000000000e+01 3.171456968202471249e-02
4.400000000000000000e+01 3.156631650955510349e-02
4.500000000000000000e+01 3.131535180861661632e-02
4.600000000000000000e+01 3.107690068021230767e-02
4.700000000000000000e+01 3.087225979717159868e-02
4.800000000000000000e+01 3.068497590885901904e-02
4.900000000000000000e+01 3.052342806969169167e-02
5.000000000000000000e+01 3.033065632728349989e-02
5.100000000000000000e+01 3.010367088314564246e-02
5.200000000000000000e+01 2.978076465473784851e-02
5.300000000000000000e+01 2.964027811567388621e-02
5.400000000000000000e+01 2.948117146659219243e-02
5.500000000000000000e+01 2.940093973416448361e-02
5.600000000000000000e+01 2.923560325311807054e-02
5.700000000000000000e+01 2.911271389045504143e-02
5.800000000000000000e+01 2.902817714152345838e-02
5.900000000000000000e+01 2.887843105044170938e-02
6.000000000000000000e+01 2.877064290319372719e-02
6.100000000000000000e+01 2.858146639915463971e-02
6.200000000000000000e+01 2.835380990788424413e-02
6.300000000000000000e+01 2.821994834381382627e-02
6.400000000000000000e+01 2.791855885017581473e-02
6.500000000000000000e+01 2.779290963020657895e-02
6.600000000000000000e+01 2.744436399932171852e-02
6.700000000000000000e+01 2.730195652114793953e-02
6.800000000000000000e+01 2.718307402737715761e-02
6.900000000000000000e+01 2.701999738900342021e-02
7.000000000000000000e+01 2.680240885902046219e-02
7.100000000000000000e+01 2.657610058990894294e-02
7.200000000000000000e+01 2.635719698363343799e-02
7.300000000000000000e+01 2.615927799450801228e-02
7.400000000000000000e+01 2.602309446254163008e-02
7.500000000000000000e+01 2.582613886981207849e-02
7.600000000000000000e+01 2.568875978127818649e-02
7.700000000000000000e+01 2.556657659256207291e-02
7.800000000000000000e+01 2.543524728900194154e-02
7.900000000000000000e+01 2.533711070689488587e-02
8.000000000000000000e+01 2.527419767652898733e-02
8.100000000000000000e+01 2.522282262021048257e-02
8.200000000000000000e+01 2.519204561942546203e-02
8.300000000000000000e+01 2.512637087137180314e-02
8.400000000000000000e+01 2.506843475078034122e-02
8.500000000000000000e+01 2.503462873619934428e-02
8.600000000000000000e+01 2.500366979913528492e-02
8.700000000000000000e+01 2.498608723991340569e-02
8.800000000000000000e+01 2.495986434817420996e-02
8.900000000000000000e+01 2.490805025685508337e-02
9.000000000000000000e+01 2.482767965384112541e-02
9.100000000000000000e+01 2.478626967641222451e-02
9.200000000000000000e+01 2.470311204823901624e-02
9.300000000000000000e+01 2.465422878966694667e-02
9.400000000000000000e+01 2.463208012663043248e-02
9.500000000000000000e+01 2.460648988295610282e-02
9.600000000000000000e+01 2.457979692176635172e-02
9.700000000000000000e+01 2.456519042681402920e-02
9.800000000000000000e+01 2.453292484673216811e-02
9.900000000000000000e+01 2.451562576457022233e-02
1.000000000000000000e+02 2.449358550508777543e-02
1.010000000000000000e+02 2.447202924376349134e-02
1.020000000000000000e+02 2.443583691864034332e-02
1.030000000000000000e+02 2.442524680329918180e-02
1.040000000000000000e+02 2.436476784865184222e-02
1.050000000000000000e+02 2.434130461116539371e-02
1.060000000000000000e+02 2.431132345675564993e-02
1.070000000000000000e+02 2.425965505549195975e-02
1.080000000000000000e+02 2.423202510189884779e-02
1.090000000000000000e+02 2.417835857403508037e-02
1.100000000000000000e+02 2.413279517458934847e-02
1.110000000000000000e+02 2.408805999903544659e-02
1.120000000000000000e+02 2.403705484035940920e-02
1.130000000000000000e+02 2.399706567631646609e-02
1.140000000000000000e+02 2.394760860575527797e-02
1.150000000000000000e+02 2.386441026799327597e-02
1.160000000000000000e+02 2.381667284649878133e-02
1.170000000000000000e+02 2.369007463745075384e-02
1.180000000000000000e+02 2.365343813082811802e-02
1.190000000000000000e+02 2.361816097561521971e-02
1.200000000000000000e+02 2.358368016787125085e-02
1.210000000000000000e+02 2.354395120443861927e-02
1.220000000000000000e+02 2.352676072087853121e-02
1.230000000000000000e+02 2.349867297177844414e-02
1.240000000000000000e+02 2.346934537401384330e-02
1.250000000000000000e+02 2.342332575379599269e-02
1.260000000000000000e+02 2.335686237234730483e-02
1.270000000000000000e+02 2.332133596232365338e-02
1.280000000000000000e+02 2.328492868685981196e-02
1.290000000000000000e+02 2.325390546500576486e-02
1.300000000000000000e+02 2.322065664119462441e-02
1.310000000000000000e+02 2.317948490413199170e-02
1.320000000000000000e+02 2.314389302044875946e-02
1.330000000000000000e+02 2.311454502996164451e-02
1.340000000000000000e+02 2.308733086593486167e-02
1.350000000000000000e+02 2.306255404471987611e-02
1.360000000000000000e+02 2.300625940936538646e-02
1.370000000000000000e+02 2.295766831683368828e-02
1.380000000000000000e+02 2.290974977459249440e-02
1.390000000000000000e+02 2.285450070126668343e-02
1.400000000000000000e+02 2.276652804693255969e-02
1.410000000000000000e+02 2.270729806570352671e-02
1.420000000000000000e+02 2.258716768924648108e-02
1.430000000000000000e+02 2.250109561051309021e-02
1.440000000000000000e+02 2.243022822781937098e-02
1.450000000000000000e+02 2.237579812654084607e-02
1.460000000000000000e+02 2.232650981428838804e-02
1.470000000000000000e+02 2.224569690482679565e-02
1.480000000000000000e+02 2.220163447552139790e-02
1.490000000000000000e+02 2.211668715917174816e-02
1.500000000000000000e+02 2.208241376013038090e-02
1.510000000000000000e+02 2.204869001097288853e-02
1.520000000000000000e+02 2.202825289437260192e-02
1.530000000000000000e+02 2.199590500615831654e-02
1.540000000000000000e+02 2.194953750414738169e-02
1.550000000000000000e+02 2.192121166692271791e-02
1.560000000000000000e+02 2.188219994248271488e-02
1.570000000000000000e+02 2.185402000221332852e-02
1.580000000000000000e+02 2.183786360428000006e-02
1.590000000000000000e+02 2.180415739681587639e-02
1.600000000000000000e+02 2.178265555632057440e-02
1.610000000000000000e+02 2.176507265984059525e-02
1.620000000000000000e+02 2.174950567537894258e-02
1.630000000000000000e+02 2.172982459774680866e-02
1.640000000000000000e+02 2.171117000654900625e-02
1.650000000000000000e+02 2.167412184027030231e-02
1.660000000000000000e+02 2.166343476692769027e-02
1.670000000000000000e+02 2.165266454629547616e-02
1.680000000000000000e+02 2.163257852023095854e-02
1.690000000000000000e+02 2.161907096817829166e-02
1.700000000000000000e+02 2.160244679911235005e-02
1.710000000000000000e+02 2.159163780669339297e-02
1.720000000000000000e+02 2.157928952253651902e-02
1.730000000000000000e+02 2.157152387764121534e-02
1.740000000000000000e+02 2.155847720919486926e-02
1.750000000000000000e+02 2.154825529859062325e-02
1.760000000000000000e+02 2.154362297493570000e-02
1.770000000000000000e+02 2.153353383054174355e-02
1.780000000000000000e+02 2.151921198324175874e-02
1.790000000000000000e+02 2.149669682471383805e-02
1.800000000000000000e+02 2.149083092185639574e-02
1.810000000000000000e+02 2.146774356730407965e-02
1.820000000000000000e+02 2.146023690957971769e-02
1.830000000000000000e+02 2.144832080810161676e-02
1.840000000000000000e+02 2.143758906806904688e-02
1.850000000000000000e+02 2.142139257862625198e-02
1.860000000000000000e+02 2.141034133004948714e-02
1.870000000000000000e+02 2.139506420292635117e-02
1.880000000000000000e+02 2.138440220675377063e-02
1.890000000000000000e+02 2.137011657519202398e-02
1.900000000000000000e+02 2.135737369124933102e-02
1.910000000000000000e+02 2.134392004458576797e-02
1.920000000000000000e+02 2.131867101518559668e-02
1.930000000000000000e+02 2.131228748655830327e-02
1.940000000000000000e+02 2.129503130007332976e-02
1.950000000000000000e+02 2.128971335360312078e-02
1.960000000000000000e+02 2.128003381734604876e-02
