1.606525554235093967e-01
5.214789109765839425e-01
8.554098457703380731e-01
-5.547712847733714536e-01
-4.591615649995812731e-01
3.146379908493922017e-01
4.776205029164108384e-01
6.843513230707221062e-01
1.778430303348324804e-01
-2.228782584519874987e-01
2.740776605427500678e-01
1.023820494281327376e+00
3.561047134778002055e-01
-5.667156935598857137e-01
9.746122817490242562e-01
8.128674303197023221e-01
9.185642934594974163e-01
-4.092925790176473733e-01
8.318943668555016380e-02
5.499738561657063762e-01
9.722601767635604686e-01
8.736065872675711219e-01
1.094669272529462001e+00
-3.479015656015509994e-01
1.308306064704421567e+00
1.079245324368149239e+00
5.125381990059894033e-01
1.498353219373774303e+00
-1.767970826732935541e-01
4.286503074685421577e-01
-5.866497416724647529e-01
7.993048353138320072e-01
-3.070493054462333227e-01
-5.155897393336967838e-01
-6.882636448698217779e-02
9.405326605337129831e-01
