4.306031618481145351e-01
1.801314259607112556e+00
8.452330633039163432e-01
5.790632782781732768e-01
-1.455085692350726490e+00
-6.392985660471534048e-01
1.427403254871335125e+00
-1.748146773231396278e-01
2.299053269938938104e+00
7.351380006083149121e-01
1.385038869891268121e+00
-1.440737258599571691e+00
-5.615676543473921978e-01
4.665663567220520447e-01
3.761622271788114258e-01
1.978198224325944610e+00
9.928164742434484324e-01
-7.343703557865887133e-01
2.200334676621980012e+00
1.987990279016798034e-01
-5.081620066380023726e-01
6.874823365003915887e-01
1.512247501260369775e+00
3.417319048194046305e-01
