8.175276982354223732e-01
1.334161324569035800e+00
8.554108028300302369e-01
9.174574288273338318e-01
4.055143651010343908e-01
1.127322870794051246e+00
1.367998064356608090e+00
-4.000295233052039712e-01
1.042519475564063214e+00
-3.730354527193888853e-02
7.717890908415694362e-01
-6.056062344184508228e-02
2.860448368222741622e-01
2.979580918848094284e-01
1.220818391858665253e+00
4.154616930097819738e-01
5.061642232166323474e-01
4.553834441951457035e-01
8.291972201860493552e-01
1.025163103257044739e+00
5.598586382271246720e-01
6.009064933345343862e-01
6.861129780373662612e-01
1.272867095407795579e-01
1.027033463665777857e+00
3.965709912015467076e-01
5.125380036415982943e-01
1.762187576681034651e+00
3.050058740789162171e-01
-2.540228877607014213e-01
4.889653421056307514e-01
3.681360881413922037e-01
1.747532726960311367e-01
9.184353254757890994e-01
-1.048256416117199219e-01
5.093663833496635540e-01
8.772596411507549430e-01
3.773787744391374210e-02
4.693260517188755920e-01
1.516330975207066833e+00
-5.389990239543858419e-02
-4.298030371644408487e-01
8.654679979357242647e-01
3.461243690117069560e-01
8.022956538045166175e-01
-5.143707433977268151e-01
9.676437560336941246e-01
2.698203771897024206e-01
1.423363132927262242e-01
-2.073822779751624545e-01
8.388329291527532039e-01
9.239741659576853339e-01
-2.328780994256138825e-01
1.676251259094516388e-01
7.311248239938918925e-01
7.055039567146330348e-02
-7.035693642755536104e-01
7.188196321201014705e-01
9.402431959030969066e-01
4.535107792938954940e-01
-5.960498767880328952e-01
3.521031957100881349e-01
8.219731615682517312e-01
-2.772578657045717820e-01
5.593340136214527414e-01
7.906888822122162264e-01
2.187919586577852515e-01
-2.000745532899595169e-01
4.408671421531216161e-01
2.893861318024718021e-01
-4.354301294736607764e-01
2.319170636272706310e-01
