-1.638425604843476435e-01
1.239382871787299001e+00
-1.085850817373709587e+00
5.070096527204238646e-01
5.437116034743918469e-01
-1.140400129022731468e+00
2.032871012995686399e+00
1.742744942373928296e+00
1.229506063850750897e+00
-3.101174535598821835e-01
6.529880638989480346e-01
-1.619274227047245440e-01
-1.084940015097251909e+00
7.147754617348687223e-01
-6.448517859359009785e-01
1.111856794383364599e+00
7.970143833933517330e-01
9.841143318623670755e-01
-2.443923542712558017e-01
7.444416249197257640e-01
1.870344511055510306e-01
1.272053423652653170e-01
-1.465057911103681554e-01
6.036885471302897571e-02
2.818979735109375384e-01
7.475495139420319513e-01
1.894204957793402810e+00
-1.076674547391702902e-01
-5.439013115067145021e-01
1.845796021185062696e-01
-5.867012716604383046e-03
2.889966500249693260e-01
9.479407140013428323e-01
8.013113571820253966e-01
1.171652855360406503e-01
1.117628262799116978e+00
-1.182084802793108569e+00
-2.608464018771650128e-01
-3.545533258951031330e-01
4.957349498991449610e-01
1.801026553809181641e+00
-1.066215902195417203e-01
1.274544542138977166e+00
7.928730031464785721e-01
1.307735694711193553e+00
-4.795099405814726712e-01
1.952860113247851359e+00
4.700710185916625455e-02
