1.000000000000000000e+00 1.132947814226930250e+00
2.000000000000000000e+00 2.965221273456491446e-01
3.000000000000000000e+00 1.612939916558491782e-01
4.000000000000000000e+00 1.369884731485292717e-01
5.000000000000000000e+00 1.136040876015954326e-01
6.000000000000000000e+00 8.962679440595847091e-02
7.000000000000000000e+00 7.560099190150043613e-02
8.000000000000000000e+00 6.407030403386787532e-02
9.000000000000000000e+00 6.171385219779788878e-02
1.000000000000000000e+01 5.772559617304198754e-02
1.100000000000000000e+01 5.296629583178611572e-02
1.200000000000000000e+01 5.088956372531026201e-02
1.300000000000000000e+01 4.691642060960707350e-02
1.400000000000000000e+01 4.456497303288972645e-02
1.500000000000000000e+01 4.249801498685145534e-02
1.600000000000000000e+01 4.105559804898738230e-02
1.700000000000000000e+01 3.960880672333939867e-02
1.800000000000000000e+01 3.883727997058198517e-02
1.900000000000000000e+01 3.810745682343117530e-02
2.000000000000000000e+01 3.731240029163526706e-02
2.100000000000000000e+01 3.669131610659497750e-02
2.200000000000000000e+01 3.618962910238121555e-02
2.300000000000000000e+01 3.583870192383410702e-02
2.400000000000000000e+01 3.553106130646723620e-02
2.500000000000000000e+01 3.521887709299418440e-02
2.600000000000000000e+01 3.482014892414712903e-02
2.700000000000000000e+01 3.459301051417348200e-02
2.800000000000000000e+01 3.426755330520277198e-02
2.900000000000000000e+01 3.379428277172500522e-02
3.000000000000000000e+01 3.336012680216488696e-02
3.100000000000000000e+01 3.303500167728565251e-02
3.200000000000000000e+01 3.279091023444991732e-02
3.300000000000000000e+01 3.262580410395676811e-02
3.400000000000000000e+01 3.237889825698973822e-02
3.500000000000000000e+01 3.227442068779828171e-02
3.600000000000000000e+01 3.188030135469719500e-02
3.700000000000000000e+01 3.155035363859051006e-02
3.800000000000000000e+01 3.121266996381149086e-02
3.900000000000000000e+01 3.091154195185354461e-02
4.000000000000000000e+01 3.074461711025786026e-02
4.100000000000000000e+01 3.051895891388861984e-02
4.200000000000000000e+01 3.040332920803225092e-02
4.300000000000000000e+01 3.009917667087410459e-02
4.400000000000000000e+01 3.000165511765709794e-02
4.500000000000000000e+01 2.974072213092345679e-02
4.600000000000000000e+01 2.965808871535743560e-02
4.700000000000000000e+01 2.950340520934859392e-02
4.800000000000000000e+01 2.931812536788723847e-02
4.900000000000000000e+01 2.918169191683199840e-02
5.000000000000000000e+01 2.904080369804490011e-02
5.100000000000000000e+01 2.882997579778147010e-02
5.200000000000000000e+01 2.868864582163925536e-02
5.300000000000000000e+01 2.851523173037002687e-02
5.400000000000000000e+01 2.836149960181753860e-02
5.500000000000000000e+01 2.821064670817064954e-02
5.600000000000000000e+01 2.813339338915716442e-02
5.700000000000000000e+01 2.800274823569062765e-02
5.800000000000000000e+01 2.793761475405146313e-02
5.900000000000000000e+01 2.787311800392025876e-02
6.000000000000000000e+01 2.781647786401016120e-02
6.100000000000000000e+01 2.771912301630505282e-02
6.200000000000000000e+01 2.750922936126138502e-02
6.300000000000000000e+01 2.743215555560374330e-02
6.400000000000000000e+01 2.732697604837678457e-02
6.500000000000000000e+01 2.723010957077905830e-02
6.600000000000000000e+01 2.715384197179767853e-02
6.700000000000000000e+01 2.704674412319502813e-02
6.800000000000000000e+01 2.694149214388731964e-02
6.900000000000000000e+01 2.680700030661014796e-02
7.000000000000000000e+01 2.667702447125140305e-02
7.100000000000000000e+01 2.657668135472985443e-02
7.200000000000000000e+01 2.638136765396850714e-02
7.300000000000000000e+01 2.629115564671316921e-02
7.400000000000000000e+01 2.621527603658883876e-02
7.500000000000000000e+01 2.613865148919460035e-02
7.600000000000000000e+01 2.605126875529725772e-02
7.700000000000000000e+01 2.599282882518977669e-02
7.800000000000000000e+01 2.590958764463823297e-02
7.900000000000000000e+01 2.582532946028591458e-02
8.000000000000000000e+01 2.568579385109212576e-02
8.100000000000000000e+01 2.564961475199619909e-02
8.200000000000000000e+01 2.551736722147822725e-02
8.300000000000000000e+01 2.546818829269967971e-02
8.400000000000000000e+01 2.539879897001695933e-02
8.500000000000000000e+01 2.528043866456318803e-02
8.600000000000000000e+01 2.519737987236986623e-02
8.700000000000000000e+01 2.506202501251447029e-02
8.800000000000000000e+01 2.497713324255025624e-02
8.900000000000000000e+01 2.483465811313984375e-02
9.000000000000000000e+01 2.473330757181423090e-02
9.100000000000000000e+01 2.463365682639119883e-02
9.200000000000000000e+01 2.452933435926518690e-02
9.300000000000000000e+01 2.443366633458637222e-02
9.400000000000000000e+01 2.430906087104391794e-02
9.500000000000000000e+01 2.417803836779229901e-02
9.600000000000000000e+01 2.402926439213197776e-02
9.700000000000000000e+01 2.386427613353497498e-02
9.800000000000000000e+01 2.375033409183874636e-02
9.900000000000000000e+01 2.365740424140084716e-02
1.000000000000000000e+02 2.358353827943263786e-02
1.010000000000000000e+02 2.340730093611435164e-02
1.020000000000000000e+02 2.331201558015614378e-02
1.030000000000000000e+02 2.315878275293492550e-02
1.040000000000000000e+02 2.307597256881388503e-02
1.050000000000000000e+02 2.301963027761643257e-02
