1.000000000000000000e+00 4.322042911425352241e-01
2.000000000000000000e+00 2.293796654995856332e-01
3.000000000000000000e+00 1.901503052878048550e-01
4.000000000000000000e+00 1.563209483342400952e-01
5.000000000000000000e+00 1.354951146004911289e-01
6.000000000000000000e+00 1.135658232627315412e-01
7.000000000000000000e+00 9.804914794394548050e-02
8.000000000000000000e+00 9.082894170776262266e-02
9.000000000000000000e+00 8.126952716466057103e-02
1.000000000000000000e+01 7.923433702550142232e-02
1.100000000000000000e+01 7.514404689448898889e-02
1.200000000000000000e+01 6.985788072009375960e-02
1.300000000000000000e+01 6.583325079836729876e-02
1.400000000000000000e+01 6.316991033653952814e-02
1.500000000000000000e+01 6.135418947703964732e-02
1.600000000000000000e+01 6.022504825578060828e-02
1.700000000000000000e+01 5.940745254939008152e-02
1.800000000000000000e+01 5.860577621916780722e-02
1.900000000000000000e+01 5.727721070120794095e-02
2.000000000000000000e+01 5.541301964013977538e-02
2.100000000000000000e+01 5.443133133598770934e-02
2.200000000000000000e+01 5.324460471340998480e-02
2.300000000000000000e+01 5.281561677537994354e-02
2.400000000000000000e+01 5.209283929205452829e-02
2.500000000000000000e+01 5.124964231796327180e-02
2.600000000000000000e+01 5.061755680736739621e-02
2.700000000000000000e+01 5.009037733817899019e-02
2.800000000000000000e+01 4.970485918212471516e-02
2.900000000000000000e+01 4.932448594258025815e-02
3.000000000000000000e+01 4.887410724526187328e-02
3.100000000000000000e+01 4.854477498585810930e-02
3.200000000000000000e+01 4.829713630247337713e-02
3.300000000000000000e+01 4.814041658723553635e-02
3.400000000000000000e+01 4.801049746713155486e-02
3.500000000000000000e+01 4.788059375360575326e-02
3.600000000000000000e+01 4.767333262228509033e-02
3.700000000000000000e+01 4.743816731634867973e-02
3.800000000000000000e+01 4.736359180742519964e-02
3.900000000000000000e+01 4.710162331409702141e-02
4.000000000000000000e+01 4.701727754180566599e-02
4.100000000000000000e+01 4.686680867387866406e-02
4.200000000000000000e+01 4.667925213627324016e-02
4.300000000000000000e+01 4.660898001647315742e-02
4.400000000000000000e+01 4.648960665720847790e-02
4.500000000000000000e+01 4.637716163785340212e-02
4.600000000000000000e+01 4.622506818770531073e-02
4.700000000000000000e+01 4.599890295281155311e-02
4.800000000000000000e+01 4.562932583191016411e-02
4.900000000000000000e+01 4.517394274809816840e-02
5.000000000000000000e+01 4.469705570651977267e-02
5.100000000000000000e+01 4.435995651240826759e-02
5.200000000000000000e+01 4.374156134510744781e-02
5.300000000000000000e+01 4.351000350666937161e-02
5.400000000000000000e+01 4.337390492176135259e-02
5.500000000000000000e+01 4.318230531391011040e-02
5.600000000000000000e+01 4.304425629764553618e-02
5.700000000000000000e+01 4.296140753801681866e-02
5.800000000000000000e+01 4.284932163415703515e-02
5.900000000000000000e+01 4.275582787899691317e-02
6.000000000000000000e+01 4.263797117638273848e-02
6.100000000000000000e+01 4.257449737589432542e-02
6.200000000000000000e+01 4.250144215516702545e-02
6.300000000000000000e+01 4.245634017200594634e-02
6.400000000000000000e+01 4.236707281066848935e-02
6.500000000000000000e+01 4.228313579525943416e-02
6.600000000000000000e+01 4.219403184439170229e-02
6.700000000000000000e+01 4.204797962331612710e-02
6.800000000000000000e+01 4.188609729336584264e-02
6.900000000000000000e+01 4.175039619544560626e-02
7.000000000000000000e+01 4.163639404849146797e-02
7.100000000000000000e+01 4.156122074589206628e-02
7.200000000000000000e+01 4.148562243703823177e-02
7.300000000000000000e+01 4.143802967410752103e-02
7.400000000000000000e+01 4.141495860096091469e-02
7.500000000000000000e+01 4.139454958777874505e-02
7.600000000000000000e+01 4.135511923524672062e-02
7.700000000000000000e+01 4.131564336664927950e-02
7.800000000000000000e+01 4.126003830088333796e-02
7.900000000000000000e+01 4.119915809995409323e-02
8.000000000000000000e+01 4.114751995162665987e-02
8.100000000000000000e+01 4.109434133044589932e-02
8.200000000000000000e+01 4.105780210428063015e-02
8.300000000000000000e+01 4.103826441446058876e-02
8.400000000000000000e+01 4.101781402973368046e-02
8.500000000000000000e+01 4.100808000411712562e-02
8.600000000000000000e+01 4.100057205248906073e-02
8.700000000000000000e+01 4.099540811160937159e-02
8.800000000000000000e+01 4.099129589543802632e-02
8.900000000000000000e+01 4.098437409661855046e-02
9.000000000000000000e+01 4.097238727418732462e-02
9.100000000000000000e+01 4.096402729464103387e-02
9.200000000000000000e+01 4.095458669567581672e-02
9.300000000000000000e+01 4.094362280379217761e-02
9.400000000000000000e+01 4.093216513562285969e-02
9.500000000000000000e+01 4.090713093710929976e-02
9.600000000000000000e+01 4.089810259021165600e-02
9.700000000000000000e+01 4.088710719467925081e-02
9.800000000000000000e+01 4.087677127871782584e-02
9.900000000000000000e+01 4.086094225015185488e-02
1.000000000000000000e+02 4.084846713478319791e-02
1.010000000000000000e+02 4.083432365601555314e-02
1.020000000000000000e+02 4.082040421497429988e-02
1.030000000000000000e+02 4.080577312874356793e-02
1.040000000000000000e+02 4.078453842794542428e-02
1.050000000000000000e+02 4.076088922334209635e-02
1.060000000000000000e+02 4.074919645926360079e-02
1.070000000000000000e+02 4.073071262386025737e-02
1.080000000000000000e+02 4.070198512335258118e-02
1.090000000000000000e+02 4.067364954365612628e-02
1.100000000000000000e+02 4.064679020067998166e-02
1.110000000000000000e+02 4.063716255443569625e-02
1.120000000000000000e+02 4.061043841540787347e-02
1.130000000000000000e+02 4.058904566529179803e-02
1.140000000000000000e+02 4.056838720839896217e-02
1.150000000000000000e+02 4.056120051003993254e-02
1.160000000000000000e+02 4.054414092929275321e-02
1.170000000000000000e+02 4.053058113428675141e-02
1.180000000000000000e+02 4.052519712357391390e-02
1.190000000000000000e+02 4.051688505284385677e-02
1.200000000000000000e+02 4.051100785874200971e-02
1.210000000000000000e+02 4.050439407938238867e-02
1.220000000000000000e+02 4.049508856035927140e-02
1.230000000000000000e+02 4.048722253447030461e-02
1.240000000000000000e+02 4.048165845502443849e-02
1.250000000000000000e+02 4.047487945880578336e-02
1.260000000000000000e+02 4.046827866157776815e-02
1.270000000000000000e+02 4.045525338098746038e-02
1.280000000000000000e+02 4.043882542264558289e-02
1.290000000000000000e+02 4.042586016710690566e-02
1.300000000000000000e+02 4.040709453856712596e-02
1.310000000000000000e+02 4.038262201701875442e-02
1.320000000000000000e+02 4.031089337021305508e-02
1.330000000000000000e+02 4.025627640703608595e-02
1.340000000000000000e+02 4.015327288250918059e-02
1.350000000000000000e+02 4.005774077513837156e-02
1.360000000000000000e+02 3.999252369003788998e-02
1.370000000000000000e+02 3.989890900683276675e-02
1.380000000000000000e+02 3.976247944284583280e-02
1.390000000000000000e+02 3.962899443174019293e-02
1.400000000000000000e+02 3.955818170412958579e-02
1.410000000000000000e+02 3.940328476634129273e-02
1.420000000000000000e+02 3.929900675295996265e-02
1.430000000000000000e+02 3.918892172203072843e-02
1.440000000000000000e+02 3.910900430091608648e-02
1.450000000000000000e+02 3.909753692818125625e-02
1.460000000000000000e+02 3.905937091461090388e-02
1.470000000000000000e+02 3.904058415012251482e-02
1.480000000000000000e+02 3.901293760703961055e-02
1.490000000000000000e+02 3.897491440182133254e-02
1.500000000000000000e+02 3.894457184758475660e-02
1.510000000000000000e+02 3.891609314417372734e-02
1.520000000000000000e+02 3.889509733597286412e-02
1.530000000000000000e+02 3.887004432739953053e-02
1.540000000000000000e+02 3.885234867461456743e-02
1.550000000000000000e+02 3.883137175629326060e-02
1.560000000000000000e+02 3.881622536610077057e-02
1.570000000000000000e+02 3.880382016896988945e-02
1.580000000000000000e+02 3.878619351936742066e-02
1.590000000000000000e+02 3.876226760261859000e-02
1.600000000000000000e+02 3.874924176451345625e-02
1.610000000000000000e+02 3.872400118536933888e-02
1.620000000000000000e+02 3.869763981078308546e-02
1.630000000000000000e+02 3.869174158809043224e-02
1.640000000000000000e+02 3.867013824752740109e-02
1.650000000000000000e+02 3.866590304403265399e-02
1.660000000000000000e+02 3.865915415091637081e-02
1.670000000000000000e+02 3.865056875855741453e-02
1.680000000000000000e+02 3.863837022406062943e-02
1.690000000000000000e+02 3.861982907255567810e-02
1.700000000000000000e+02 3.861110264313875884e-02
1.710000000000000000e+02 3.860168092293692760e-02
1.720000000000000000e+02 3.859256809662299503e-02
1.730000000000000000e+02 3.858173851457413761e-02
1.740000000000000000e+02 3.856977870753589693e-02
1.750000000000000000e+02 3.855435941786334447e-02
1.760000000000000000e+02 3.853430961785964809e-02
1.770000000000000000e+02 3.851997766174389271e-02
1.780000000000000000e+02 3.849929516186695322e-02
1.790000000000000000e+02 3.848279489624924915e-02
1.800000000000000000e+02 3.846692451204110352e-02
1.810000000000000000e+02 3.845082209040082827e-02
1.820000000000000000e+02 3.842236819972028039e-02
1.830000000000000000e+02 3.838839025921161885e-02
1.840000000000000000e+02 3.834745214359543131e-02
1.850000000000000000e+02 3.833466443315108885e-02
1.860000000000000000e+02 3.825596055224630976e-02
1.870000000000000000e+02 3.824371368817067185e-02
1.880000000000000000e+02 3.819734675051417866e-02
1.890000000000000000e+02 3.815563599253515847e-02
1.900000000000000000e+02 3.814323774035997122e-02
1.910000000000000000e+02 3.811096118287652518e-02
1.920000000000000000e+02 3.809464330488852163e-02
1.930000000000000000e+02 3.806348212412379722e-02
1.940000000000000000e+02 3.801277224875823646e-02
1.950000000000000000e+02 3.798696847278942856e-02
1.960000000000000000e+02 3.793256820812663382e-02
1.970000000000000000e+02 3.791392784871650684e-02
1.980000000000000000e+02 3.788031723653541294e-02
1.990000000000000000e+02 3.783465229082908637e-02
2.000000000000000000e+02 3.782074912500366093e-02
2.010000000000000000e+02 3.777111698053788047e-02
2.020000000000000000e+02 3.773270244236585913e-02
2.030000000000000000e+02 3.769376402390307856e-02
2.040000000000000000e+02 3.763968475627751942e-02
2.050000000000000000e+02 3.761020017709611196e-02
2.060000000000000000e+02 3.757930905917303277e-02
2.070000000000000000e+02 3.755464124277099747e-02
2.080000000000000000e+02 3.753502215445118917e-02
2.090000000000000000e+02 3.751345510511295417e-02
2.100000000000000000e+02 3.749669539679000019e-02
2.110000000000000000e+02 3.748658407636416140e-02
2.120000000000000000e+02 3.747551211541386151e-02
2.130000000000000000e+02 3.745463851606786743e-02
2.140000000000000000e+02 3.742428006799095042e-02
2.150000000000000000e+02 3.739874389428634455e-02
2.160000000000000000e+02 3.737980528974557681e-02
2.170000000000000000e+02 3.736483494243093145e-02
2.180000000000000000e+02 3.735527121754535912e-02
2.190000000000000000e+02 3.734266540893897701e-02
2.200000000000000000e+02 3.732854023764522328e-02
2.210000000000000000e+02 3.731839591477134621e-02
2.220000000000000000e+02 3.730213286270175899e-02
2.230000000000000000e+02 3.727818818473795787e-02
2.240000000000000000e+02 3.726391051734799509e-02
2.250000000000000000e+02 3.723214202166045400e-02
2.260000000000000000e+02 3.721627337334140057e-02
2.270000000000000000e+02 3.719323453649509004e-02
2.280000000000000000e+02 3.717088636608559954e-02
2.290000000000000000e+02 3.714872232458363288e-02
2.300000000000000000e+02 3.711130382320593224e-02
2.310000000000000000e+02 3.707865144389271839e-02
2.320000000000000000e+02 3.703491419720245093e-02
2.330000000000000000e+02 3.700042216166447850e-02
2.340000000000000000e+02 3.692529304638169502e-02
2.350000000000000000e+02 3.686224037138186721e-02
2.360000000000000000e+02 3.680769842149433230e-02
2.370000000000000000e+02 3.675786939298305439e-02
2.380000000000000000e+02 3.669631875523109849e-02
2.390000000000000000e+02 3.664602560359585259e-02
2.400000000000000000e+02 3.660388836326301104e-02
2.410000000000000000e+02 3.658134116293439847e-02
2.420000000000000000e+02 3.656012882337342923e-02
2.430000000000000000e+02 3.654241755834436445e-02
2.440000000000000000e+02 3.652717883929367665e-02
2.450000000000000000e+02 3.650674488556271413e-02
2.460000000000000000e+02 3.648739584349085241e-02
2.470000000000000000e+02 3.646402256589846569e-02
2.480000000000000000e+02 3.644956573640294184e-02
2.490000000000000000e+02 3.643962489400096733e-02
2.500000000000000000e+02 3.642809661956293577e-02
2.510000000000000000e+02 3.641905618271903955e-02
2.520000000000000000e+02 3.640820734041735895e-02
2.530000000000000000e+02 3.639675949565122914e-02
2.540000000000000000e+02 3.638580073620838184e-02
2.550000000000000000e+02 3.636012029563804454e-02
2.560000000000000000e+02 3.634411596207912098e-02
2.570000000000000000e+02 3.631991626087918007e-02
2.580000000000000000e+02 3.629830177114037187e-02
2.590000000000000000e+02 3.627127590479175406e-02
2.600000000000000000e+02 3.623658159831985581e-02
2.610000000000000000e+02 3.621042562230872286e-02
2.620000000000000000e+02 3.617687782744887642e-02
2.630000000000000000e+02 3.614968528645791379e-02
2.640000000000000000e+02 3.612898915526744498e-02
2.650000000000000000e+02 3.610393015699826791e-02
2.660000000000000000e+02 3.608224905086189482e-02
2.670000000000000000e+02 3.607193000799733401e-02
2.680000000000000000e+02 3.605915688558384430e-02
2.690000000000000000e+02 3.604303495634126470e-02
2.700000000000000000e+02 3.602650962646996441e-02
2.710000000000000000e+02 3.600567863596707691e-02
2.720000000000000000e+02 3.599165507888553439e-02
2.730000000000000000e+02 3.597875442157379838e-02
2.740000000000000000e+02 3.597239662923622239e-02
2.750000000000000000e+02 3.596194458471779765e-02
2.760000000000000000e+02 3.595517141613950585e-02
2.770000000000000000e+02 3.594399874983156967e-02
2.780000000000000000e+02 3.593720373464589363e-02
2.790000000000000000e+02 3.593269781127378382e-02
2.800000000000000000e+02 3.592232973994378270e-02
2.810000000000000000e+02 3.591605495896974670e-02
2.820000000000000000e+02 3.590756763041103722e-02
2.830000000000000000e+02 3.590346440425646463e-02
2.840000000000000000e+02 3.589724882618551549e-02
2.850000000000000000e+02 3.589067705074919928e-02
2.860000000000000000e+02 3.588551879267072586e-02
2.870000000000000000e+02 3.587973956275053444e-02
2.880000000000000000e+02 3.587440735542196668e-02
2.890000000000000000e+02 3.586821293174528857e-02
2.900000000000000000e+02 3.586418844903636188e-02
2.910000000000000000e+02 3.586182683414738948e-02
2.920000000000000000e+02 3.585873443902872632e-02
2.930000000000000000e+02 3.585291137284045415e-02
2.940000000000000000e+02 3.584538116205120140e-02
2.950000000000000000e+02 3.584136044647848185e-02
2.960000000000000000e+02 3.583412701639895892e-02
