-9.625713326857684438e-01
4.779211568307303315e-01
8.554140763092700217e-01
-9.611066120706505955e-02
2.240885929801267995e+00
2.710819885231441351e-01
1.046706316118661606e+00
8.464742854951293749e-01
2.877889637707959469e+00
-3.661737140934441803e-01
-1.555832789576932162e+00
1.185941054433333530e+00
1.559958079292810273e+00
1.449802511004392169e+00
9.746156545092466983e-01
-1.953784504888701701e+00
-6.450319743259179672e-01
1.607226103585472687e+00
2.041515562028771935e+00
9.544136252288852873e-01
-5.913342344706682407e-01
1.510984060855395938e+00
3.975855535780218331e-01
5.653205909709495269e-02
