1.000000000000000000e+00 3.618247812982937073e-01
2.000000000000000000e+00 2.593100099087715660e-01
3.000000000000000000e+00 1.963357163167677999e-01
4.000000000000000000e+00 1.733958599983780602e-01
5.000000000000000000e+00 1.463067465893735652e-01
6.000000000000000000e+00 1.161718857452216369e-01
7.000000000000000000e+00 9.338609193515277906e-02
8.000000000000000000e+00 8.289446936145612732e-02
9.000000000000000000e+00 7.633549699255282039e-02
1.000000000000000000e+01 7.079593453865053176e-02
1.100000000000000000e+01 6.604081349313743743e-02
1.200000000000000000e+01 6.331134229464331631e-02
1.300000000000000000e+01 6.139773998809105321e-02
1.400000000000000000e+01 5.877981529001503197e-02
1.500000000000000000e+01 5.541429388083071728e-02
1.600000000000000000e+01 5.347100510219077174e-02
1.700000000000000000e+01 5.119340752837524960e-02
1.800000000000000000e+01 4.972082558786303230e-02
1.900000000000000000e+01 4.901883530546401191e-02
2.000000000000000000e+01 4.838152481852876080e-02
2.100000000000000000e+01 4.790960171139844320e-02
2.200000000000000000e+01 4.726270292367775600e-02
2.300000000000000000e+01 4.636378652844586057e-02
2.400000000000000000e+01 4.525922325898804055e-02
2.500000000000000000e+01 4.457187178187697885e-02
2.600000000000000000e+01 4.337804803662036884e-02
2.700000000000000000e+01 4.257752479643683169e-02
2.800000000000000000e+01 4.164739218972581675e-02
2.900000000000000000e+01 4.117454048868915417e-02
3.000000000000000000e+01 4.021896088883661347e-02
3.100000000000000000e+01 3.986208524473047743e-02
3.200000000000000000e+01 3.924244947625267488e-02
3.300000000000000000e+01 3.904730432816425761e-02
3.400000000000000000e+01 3.851041437738604578e-02
3.500000000000000000e+01 3.834919144896854065e-02
3.600000000000000000e+01 3.798036196471906573e-02
3.700000000000000000e+01 3.757078578087248016e-02
3.800000000000000000e+01 3.719429871972670248e-02
3.900000000000000000e+01 3.696216956096040618e-02
4.000000000000000000e+01 3.666804824505505433e-02
4.100000000000000000e+01 3.638413370513771811e-02
4.200000000000000000e+01 3.611275549212491359e-02
4.300000000000000000e+01 3.573043007593400960e-02
4.400000000000000000e+01 3.545903340742818238e-02
4.500000000000000000e+01 3.532842799849562204e-02
4.600000000000000000e+01 3.519360579128835015e-02
4.700000000000000000e+01 3.491774824628800927e-02
4.800000000000000000e+01 3.488417346174554207e-02
4.900000000000000000e+01 3.467669561279304591e-02
5.000000000000000000e+01 3.458305796889633854e-02
5.100000000000000000e+01 3.433236749986580405e-02
5.200000000000000000e+01 3.407046782497414467e-02
5.300000000000000000e+01 3.373693426477419183e-02
5.400000000000000000e+01 3.345078665821608205e-02
5.500000000000000000e+01 3.328446897200071364e-02
5.600000000000000000e+01 3.311206740458573494e-02
5.700000000000000000e+01 3.301590140378560939e-02
5.800000000000000000e+01 3.282616673793434248e-02
5.900000000000000000e+01 3.274676787508271070e-02
6.000000000000000000e+01 3.265483811924780461e-02
6.100000000000000000e+01 3.260458430642270561e-02
6.200000000000000000e+01 3.250448659105676513e-02
6.300000000000000000e+01 3.230520795479688984e-02
6.400000000000000000e+01 3.222430508259239990e-02
6.500000000000000000e+01 3.206693535504880066e-02
6.600000000000000000e+01 3.197837115796337698e-02
6.700000000000000000e+01 3.191234257117835788e-02
6.800000000000000000e+01 3.184156792351772874e-02
6.900000000000000000e+01 3.176262230685050758e-02
7.000000000000000000e+01 3.165347603334964233e-02
7.100000000000000000e+01 3.160653427726081016e-02
7.200000000000000000e+01 3.153870948112134920e-02
7.300000000000000000e+01 3.143852007801520299e-02
7.400000000000000000e+01 3.136139249720980987e-02
7.500000000000000000e+01 3.126395523533916088e-02
7.600000000000000000e+01 3.115493574594475554e-02
7.700000000000000000e+01 3.104252063175149193e-02
7.800000000000000000e+01 3.088310465441524225e-02
7.900000000000000000e+01 3.072035396502292501e-02
8.000000000000000000e+01 3.054452641744059144e-02
8.100000000000000000e+01 3.044948665871328661e-02
8.200000000000000000e+01 3.038597927485840039e-02
8.300000000000000000e+01 3.031847179399907791e-02
8.400000000000000000e+01 3.027298014622455818e-02
8.500000000000000000e+01 3.023346077322039069e-02
8.600000000000000000e+01 3.017187822824441909e-02
8.700000000000000000e+01 3.014038778018899786e-02
8.800000000000000000e+01 3.007024452152572483e-02
8.900000000000000000e+01 3.004329547511160742e-02
9.000000000000000000e+01 3.002272332470626651e-02
9.100000000000000000e+01 2.998616502119100594e-02
9.200000000000000000e+01 2.992048244766482359e-02
9.300000000000000000e+01 2.986577875871939888e-02
9.400000000000000000e+01 2.981674012593212714e-02
9.500000000000000000e+01 2.978860811867339517e-02
9.600000000000000000e+01 2.977641293257269825e-02
9.700000000000000000e+01 2.976625618386297481e-02
9.800000000000000000e+01 2.973716421797245255e-02
9.900000000000000000e+01 2.972643527765374272e-02
1.000000000000000000e+02 2.970912022875466310e-02
1.010000000000000000e+02 2.970235059720741089e-02
1.020000000000000000e+02 2.969627592214507672e-02
1.030000000000000000e+02 2.968974775569721905e-02
1.040000000000000000e+02 2.968301063182355801e-02
1.050000000000000000e+02 2.967763818292952493e-02
1.060000000000000000e+02 2.967409068847774029e-02
1.070000000000000000e+02 2.966928353791328105e-02
1.080000000000000000e+02 2.966485943701522437e-02
1.090000000000000000e+02 2.966068130561958643e-02
1.100000000000000000e+02 2.965592864972948356e-02
1.110000000000000000e+02 2.964635597039625564e-02
1.120000000000000000e+02 2.963766707186606814e-02
1.130000000000000000e+02 2.963076434893812186e-02
1.140000000000000000e+02 2.962384129796981000e-02
1.150000000000000000e+02 2.961892138024075499e-02
1.160000000000000000e+02 2.961253628533854973e-02
1.170000000000000000e+02 2.960430430389014017e-02
1.180000000000000000e+02 2.959566916580858020e-02
1.190000000000000000e+02 2.957999893002573669e-02
1.200000000000000000e+02 2.956996015888814153e-02
1.210000000000000000e+02 2.955453929054636594e-02
1.220000000000000000e+02 2.953305789275316451e-02
1.230000000000000000e+02 2.951953528288516967e-02
1.240000000000000000e+02 2.950803341483771228e-02
1.250000000000000000e+02 2.949120823435421451e-02
1.260000000000000000e+02 2.948494498323050647e-02
1.270000000000000000e+02 2.947438524524684592e-02
1.280000000000000000e+02 2.946927920543877810e-02
1.290000000000000000e+02 2.946309472152367631e-02
1.300000000000000000e+02 2.944974966772249958e-02
1.310000000000000000e+02 2.944221645767955767e-02
1.320000000000000000e+02 2.942739067378866841e-02
1.330000000000000000e+02 2.942115095544544506e-02
1.340000000000000000e+02 2.941213938098930294e-02
1.350000000000000000e+02 2.940849169024582765e-02
1.360000000000000000e+02 2.940240228262469210e-02
1.370000000000000000e+02 2.939877279784480421e-02
1.380000000000000000e+02 2.939338151213228764e-02
1.390000000000000000e+02 2.939096460306518319e-02
1.400000000000000000e+02 2.938703042869931364e-02
1.410000000000000000e+02 2.938399217078517534e-02
1.420000000000000000e+02 2.938171710067376610e-02
1.430000000000000000e+02 2.937915096465112605e-02
1.440000000000000000e+02 2.937638893346740041e-02
1.450000000000000000e+02 2.937453110070037052e-02
1.460000000000000000e+02 2.937270683516673628e-02
1.470000000000000000e+02 2.937005649415317179e-02
1.480000000000000000e+02 2.936799522010461252e-02
1.490000000000000000e+02 2.936467057785993595e-02
1.500000000000000000e+02 2.936415801260832542e-02
1.510000000000000000e+02 2.936145855696809318e-02
1.520000000000000000e+02 2.936033827509389876e-02
1.530000000000000000e+02 2.935881206481832581e-02
1.540000000000000000e+02 2.935642988762630218e-02
1.550000000000000000e+02 2.935505403543611433e-02
1.560000000000000000e+02 2.935248879529078411e-02
1.570000000000000000e+02 2.935109364208776661e-02
1.580000000000000000e+02 2.934973995956007345e-02
1.590000000000000000e+02 2.934806109871914218e-02
1.600000000000000000e+02 2.934612820888819057e-02
1.610000000000000000e+02 2.934398482915460959e-02
1.620000000000000000e+02 2.934275894447018265e-02
1.630000000000000000e+02 2.934126613832927638e-02
1.640000000000000000e+02 2.933974569859512660e-02
1.650000000000000000e+02 2.933744346967223637e-02
1.660000000000000000e+02 2.933564014633303907e-02
1.670000000000000000e+02 2.933460477170370811e-02
1.680000000000000000e+02 2.933378283639369311e-02
1.690000000000000000e+02 2.933306805332082379e-02
1.700000000000000000e+02 2.933210607609504708e-02
1.710000000000000000e+02 2.933107406132967263e-02
1.720000000000000000e+02 2.933036873374429698e-02
1.730000000000000000e+02 2.932918222401363628e-02
1.740000000000000000e+02 2.932859266288607297e-02
1.750000000000000000e+02 2.932804237683904469e-02
1.760000000000000000e+02 2.932716968512661879e-02
1.770000000000000000e+02 2.932636581514928842e-02
1.780000000000000000e+02 2.932481490190996451e-02
1.790000000000000000e+02 2.932411597268903478e-02
1.800000000000000000e+02 2.932345053580871774e-02
1.810000000000000000e+02 2.932272597387059268e-02
1.820000000000000000e+02 2.932192806890781059e-02
1.830000000000000000e+02 2.932044104768427237e-02
1.840000000000000000e+02 2.931897015248784155e-02
1.850000000000000000e+02 2.931764771346411294e-02
1.860000000000000000e+02 2.931553442355436939e-02
1.870000000000000000e+02 2.931375694768723061e-02
1.880000000000000000e+02 2.931068995790125573e-02
1.890000000000000000e+02 2.930595174956602406e-02
1.900000000000000000e+02 2.929958207101599627e-02
1.910000000000000000e+02 2.929355431888328032e-02
1.920000000000000000e+02 2.928785731433575928e-02
1.930000000000000000e+02 2.927611125551326035e-02
1.940000000000000000e+02 2.926482870788247800e-02
1.950000000000000000e+02 2.925851967276056620e-02
1.960000000000000000e+02 2.924804914781202816e-02
1.970000000000000000e+02 2.924327415298491606e-02
1.980000000000000000e+02 2.922347035312490224e-02
1.990000000000000000e+02 2.920567933717195530e-02
2.000000000000000000e+02 2.919264397009441528e-02
2.010000000000000000e+02 2.917520028382428882e-02
2.020000000000000000e+02 2.914633617334867061e-02
2.030000000000000000e+02 2.911577618943421430e-02
2.040000000000000000e+02 2.908953189318224872e-02
2.050000000000000000e+02 2.907822293728712718e-02
2.060000000000000000e+02 2.904625489201440383e-02
2.070000000000000000e+02 2.902950895776123738e-02
2.080000000000000000e+02 2.900897006027593553e-02
2.090000000000000000e+02 2.896995629912299530e-02
2.100000000000000000e+02 2.888732039699148935e-02
2.110000000000000000e+02 2.883219161294160379e-02
2.120000000000000000e+02 2.876629930574962218e-02
2.130000000000000000e+02 2.871039644543030636e-02
2.140000000000000000e+02 2.868568506167100407e-02
2.150000000000000000e+02 2.865862085052491709e-02
2.160000000000000000e+02 2.861340133783981526e-02
2.170000000000000000e+02 2.859023921142095012e-02
2.180000000000000000e+02 2.853631903884176757e-02
2.190000000000000000e+02 2.848266510371861779e-02
2.200000000000000000e+02 2.842887980570515255e-02
2.210000000000000000e+02 2.839563131174400665e-02
2.220000000000000000e+02 2.835137605895808599e-02
2.230000000000000000e+02 2.833135918610366413e-02
2.240000000000000000e+02 2.829571924195155991e-02
2.250000000000000000e+02 2.828635376828837408e-02
2.260000000000000000e+02 2.825853787926930344e-02
2.270000000000000000e+02 2.824879620917967321e-02
2.280000000000000000e+02 2.823834948688848379e-02
2.290000000000000000e+02 2.822203563299501006e-02
2.300000000000000000e+02 2.820782850179441928e-02
2.310000000000000000e+02 2.817409850449404882e-02
2.320000000000000000e+02 2.816125681034030437e-02
2.330000000000000000e+02 2.814028945406413240e-02
2.340000000000000000e+02 2.812255342006034220e-02
2.350000000000000000e+02 2.810598431270245126e-02
2.360000000000000000e+02 2.809038519571161255e-02
2.370000000000000000e+02 2.807784771851789749e-02
2.380000000000000000e+02 2.805653093043446525e-02
2.390000000000000000e+02 2.803909067556021109e-02
2.400000000000000000e+02 2.802977365544661106e-02
2.410000000000000000e+02 2.800681316349475092e-02
2.420000000000000000e+02 2.798850508643773577e-02
2.430000000000000000e+02 2.797553052694874004e-02
2.440000000000000000e+02 2.796161900482129273e-02
2.450000000000000000e+02 2.795433115157972687e-02
2.460000000000000000e+02 2.794481736675333977e-02
2.470000000000000000e+02 2.793808942459123645e-02
2.480000000000000000e+02 2.792975403404502829e-02
2.490000000000000000e+02 2.792562001866117152e-02
2.500000000000000000e+02 2.790895370248821714e-02
2.510000000000000000e+02 2.789938490833074325e-02
2.520000000000000000e+02 2.789087790970952441e-02
2.530000000000000000e+02 2.787976314782305079e-02
2.540000000000000000e+02 2.786981024668800169e-02
2.550000000000000000e+02 2.785957199837998943e-02
2.560000000000000000e+02 2.785173923733498536e-02
2.570000000000000000e+02 2.784033751647466137e-02
2.580000000000000000e+02 2.783062746934821668e-02
2.590000000000000000e+02 2.782880710396235663e-02
2.600000000000000000e+02 2.781697062352647340e-02
2.610000000000000000e+02 2.781344154943583488e-02
2.620000000000000000e+02 2.780566397823903968e-02
2.630000000000000000e+02 2.779584525908585305e-02
2.640000000000000000e+02 2.779325241912184233e-02
2.650000000000000000e+02 2.778362683849400216e-02
2.660000000000000000e+02 2.777844135166323072e-02
2.670000000000000000e+02 2.777280590473869826e-02
2.680000000000000000e+02 2.776862269773839112e-02
2.690000000000000000e+02 2.776289824088334565e-02
2.700000000000000000e+02 2.775005814380991642e-02
2.710000000000000000e+02 2.774520151476540450e-02
2.720000000000000000e+02 2.772957931843952201e-02
2.730000000000000000e+02 2.772554679112761503e-02
2.740000000000000000e+02 2.771497954843830241e-02
2.750000000000000000e+02 2.770551593018290293e-02
2.760000000000000000e+02 2.769630634441620429e-02
2.770000000000000000e+02 2.769527141882917320e-02
2.780000000000000000e+02 2.768853985002341783e-02
2.790000000000000000e+02 2.768635876201690216e-02
2.800000000000000000e+02 2.768153227765797128e-02
2.810000000000000000e+02 2.767655307575897505e-02
2.820000000000000000e+02 2.767156703300826040e-02
2.830000000000000000e+02 2.766790522113265344e-02
2.840000000000000000e+02 2.766458535025032722e-02
2.850000000000000000e+02 2.766202316210657208e-02
2.860000000000000000e+02 2.765744168437228936e-02
2.870000000000000000e+02 2.764756004332235770e-02
2.880000000000000000e+02 2.764247620594829924e-02
