-1.866077928623998197e-02
7.027107123690237156e-01
8.553944928323461427e-01
7.167370034727847949e-01
7.198004393433092563e-02
4.958645873398347392e-01
2.336932482322108040e+00
8.878805893055410348e-01
7.089985880482148062e-01
1.672736830589854673e+00
-3.038465653433015112e-01
1.227357648784460631e+00
5.374617862398028967e-01
-1.722465510085496587e-01
9.745955472141629716e-01
8.100562116872316309e-01
7.770470602472643318e-01
-1.482071974237624858e-02
1.203813192453345948e+00
9.295697343043199945e-01
8.307522454890460262e-01
1.392799755291467045e+00
-1.306529255608123163e+00
3.168927667159897321e-02
