1.000000000000000000e+00 2.538595790783149120e-01
2.000000000000000000e+00 2.508254468521953773e-01
3.000000000000000000e+00 2.420714117081807226e-01
4.000000000000000000e+00 2.411139457096193039e-01
5.000000000000000000e+00 2.407487766032893051e-01
6.000000000000000000e+00 2.405927636750045118e-01
7.000000000000000000e+00 2.404472054126655656e-01
8.000000000000000000e+00 2.401609514393349409e-01
9.000000000000000000e+00 2.397565947311002810e-01
1.000000000000000000e+01 2.393747504734690390e-01
1.100000000000000000e+01 2.391099306859620632e-01
1.200000000000000000e+01 2.390694004536244588e-01
1.300000000000000000e+01 2.389908729289283995e-01
1.400000000000000000e+01 2.387794378397013750e-01
1.500000000000000000e+01 2.387066889218737165e-01
1.600000000000000000e+01 2.386748297945562314e-01
1.700000000000000000e+01 2.386689397828015702e-01
1.800000000000000000e+01 2.386680037451379965e-01
1.900000000000000000e+01 2.386658296092153964e-01
2.000000000000000000e+01 2.386514764882943507e-01
2.100000000000000000e+01 2.386265446087616759e-01
2.200000000000000000e+01 2.385949230589373138e-01
2.300000000000000000e+01 2.385361689497052795e-01
2.400000000000000000e+01 2.384301747755059597e-01
2.500000000000000000e+01 2.383478127112985956e-01
2.600000000000000000e+01 2.382689935971701867e-01
2.700000000000000000e+01 2.381571436456638713e-01
2.800000000000000000e+01 2.381122503695548565e-01
2.900000000000000000e+01 2.380740130643337615e-01
3.000000000000000000e+01 2.380435901300366475e-01
3.100000000000000000e+01 2.380333769710770431e-01
3.200000000000000000e+01 2.380324044915798354e-01
3.300000000000000000e+01 2.380323317244530945e-01
3.400000000000000000e+01 2.380321785331194484e-01
3.500000000000000000e+01 2.380308855686257552e-01
3.600000000000000000e+01 2.380284069561799110e-01
3.700000000000000000e+01 2.380197950771096027e-01
3.800000000000000000e+01 2.380052974309048719e-01
3.900000000000000000e+01 2.379963048847560658e-01
4.000000000000000000e+01 2.379790369041139553e-01
4.100000000000000000e+01 2.379665006229289281e-01
4.200000000000000000e+01 2.379613012981939280e-01
4.300000000000000000e+01 2.379563102717470735e-01
4.400000000000000000e+01 2.379499144930775911e-01
4.500000000000000000e+01 2.379468553625447291e-01
4.600000000000000000e+01 2.379427620206953364e-01
4.700000000000000000e+01 2.379372493109360998e-01
4.800000000000000000e+01 2.379342348047224220e-01
4.900000000000000000e+01 2.379313924182081541e-01
5.000000000000000000e+01 2.379290011915946301e-01
5.100000000000000000e+01 2.379269542248287905e-01
5.200000000000000000e+01 2.379248246455096805e-01
5.300000000000000000e+01 2.379218727601362937e-01
5.400000000000000000e+01 2.379179248093459265e-01
5.500000000000000000e+01 2.379129126601842170e-01
5.600000000000000000e+01 2.379117213574790668e-01
5.700000000000000000e+01 2.379091493324727302e-01
5.800000000000000000e+01 2.379052988603842511e-01
5.900000000000000000e+01 2.379019105157486047e-01
6.000000000000000000e+01 2.378980066387768044e-01
6.100000000000000000e+01 2.378960551082845432e-01
6.200000000000000000e+01 2.378935585792169849e-01
6.300000000000000000e+01 2.378919439682957437e-01
6.400000000000000000e+01 2.378907308665198506e-01
6.500000000000000000e+01 2.378893120995209942e-01
6.600000000000000000e+01 2.378882467201366147e-01
6.700000000000000000e+01 2.378874791226846530e-01
6.800000000000000000e+01 2.378865450253085101e-01
6.900000000000000000e+01 2.378857729167840329e-01
7.000000000000000000e+01 2.378851341183581269e-01
7.100000000000000000e+01 2.378846780297209362e-01
7.200000000000000000e+01 2.378844692643602710e-01
7.300000000000000000e+01 2.378843595976433967e-01
7.400000000000000000e+01 2.378842940824504315e-01
7.500000000000000000e+01 2.378842007367216738e-01
7.600000000000000000e+01 2.378841624217635231e-01
7.700000000000000000e+01 2.378840995079449239e-01
7.800000000000000000e+01 2.378840400310790748e-01
7.900000000000000000e+01 2.378840112057298839e-01
8.000000000000000000e+01 2.378839888806259795e-01
8.100000000000000000e+01 2.378839685554620387e-01
8.200000000000000000e+01 2.378839510779376110e-01
8.300000000000000000e+01 2.378839232165413931e-01
8.400000000000000000e+01 2.378838154207827404e-01
8.500000000000000000e+01 2.378837033427992076e-01
8.600000000000000000e+01 2.378835708869654342e-01
8.700000000000000000e+01 2.378834335869216277e-01
8.800000000000000000e+01 2.378833176288664697e-01
8.900000000000000000e+01 2.378830878009434435e-01
9.000000000000000000e+01 2.378825222890681712e-01
9.100000000000000000e+01 2.378815617276463235e-01
9.200000000000000000e+01 2.378805474835223033e-01
9.300000000000000000e+01 2.378779673068049383e-01
9.400000000000000000e+01 2.378770942662188637e-01
9.500000000000000000e+01 2.378746062416149387e-01
9.600000000000000000e+01 2.378741167764565068e-01
9.700000000000000000e+01 2.378734247665240942e-01
9.800000000000000000e+01 2.378728692451950733e-01
9.900000000000000000e+01 2.378722105672441967e-01
1.000000000000000000e+02 2.378717975316578526e-01
1.010000000000000000e+02 2.378712257136374186e-01
1.020000000000000000e+02 2.378710471273988714e-01
1.030000000000000000e+02 2.378708613622310952e-01
1.040000000000000000e+02 2.378704309405963446e-01
1.050000000000000000e+02 2.378697076445848713e-01
1.060000000000000000e+02 2.378690592001195259e-01
1.070000000000000000e+02 2.378688741944597618e-01
1.080000000000000000e+02 2.378686690340584831e-01
1.090000000000000000e+02 2.378685268809730413e-01
1.100000000000000000e+02 2.378682917684852294e-01
1.110000000000000000e+02 2.378681423703404019e-01
1.120000000000000000e+02 2.378680950443757547e-01
1.130000000000000000e+02 2.378680567163449777e-01
1.140000000000000000e+02 2.378680378360313319e-01
1.150000000000000000e+02 2.378680324957252179e-01
1.160000000000000000e+02 2.378680282724426887e-01
1.170000000000000000e+02 2.378680099802508163e-01
1.180000000000000000e+02 2.378678426942943958e-01
1.190000000000000000e+02 2.378676740299990044e-01
1.200000000000000000e+02 2.378675699878079197e-01
1.210000000000000000e+02 2.378672130670816676e-01
1.220000000000000000e+02 2.378668137654843251e-01
1.230000000000000000e+02 2.378665483527336311e-01
1.240000000000000000e+02 2.378656255701045996e-01
1.250000000000000000e+02 2.378652682105989180e-01
1.260000000000000000e+02 2.378649949987488854e-01
1.270000000000000000e+02 2.378648146888393544e-01
1.280000000000000000e+02 2.378645911511725330e-01
1.290000000000000000e+02 2.378644113119535719e-01
1.300000000000000000e+02 2.378642539750314144e-01
1.310000000000000000e+02 2.378639379876643645e-01
1.320000000000000000e+02 2.378636746819196568e-01
1.330000000000000000e+02 2.378633953741301765e-01
1.340000000000000000e+02 2.378632624722284150e-01
1.350000000000000000e+02 2.378631716211478675e-01
1.360000000000000000e+02 2.378631055418422569e-01
1.370000000000000000e+02 2.378629752966944788e-01
1.380000000000000000e+02 2.378629123088803476e-01
1.390000000000000000e+02 2.378628456607609354e-01
1.400000000000000000e+02 2.378627369743803732e-01
1.410000000000000000e+02 2.378627118709662480e-01
1.420000000000000000e+02 2.378626388667215708e-01
1.430000000000000000e+02 2.378626070318644314e-01
1.440000000000000000e+02 2.378625954180774715e-01
1.450000000000000000e+02 2.378625807424827043e-01
1.460000000000000000e+02 2.378625631579234789e-01
1.470000000000000000e+02 2.378625207950477716e-01
1.480000000000000000e+02 2.378624576539659363e-01
1.490000000000000000e+02 2.378622940502503891e-01
1.500000000000000000e+02 2.378621224665639355e-01
1.510000000000000000e+02 2.378619185948846193e-01
1.520000000000000000e+02 2.378617420223407275e-01
1.530000000000000000e+02 2.378616641119533637e-01
1.540000000000000000e+02 2.378615897216784791e-01
1.550000000000000000e+02 2.378615036968728114e-01
1.560000000000000000e+02 2.378613745895969411e-01
1.570000000000000000e+02 2.378612600053091053e-01
1.580000000000000000e+02 2.378611785661320366e-01
1.590000000000000000e+02 2.378610980606623848e-01
1.600000000000000000e+02 2.378610203377679311e-01
1.610000000000000000e+02 2.378609580000683454e-01
1.620000000000000000e+02 2.378608790185459954e-01
1.630000000000000000e+02 2.378607974382754009e-01
1.640000000000000000e+02 2.378607799979907955e-01
1.650000000000000000e+02 2.378607352344567216e-01
1.660000000000000000e+02 2.378607148247401659e-01
1.670000000000000000e+02 2.378606971693540961e-01
1.680000000000000000e+02 2.378606938619364508e-01
1.690000000000000000e+02 2.378606894841000796e-01
1.700000000000000000e+02 2.378606710116925593e-01
1.710000000000000000e+02 2.378606442912697128e-01
1.720000000000000000e+02 2.378605352301045306e-01
1.730000000000000000e+02 2.378604634644167215e-01
1.740000000000000000e+02 2.378604346336694320e-01
1.750000000000000000e+02 2.378603628626836664e-01
1.760000000000000000e+02 2.378602808097624033e-01
1.770000000000000000e+02 2.378602363496953032e-01
1.780000000000000000e+02 2.378601759651862990e-01
1.790000000000000000e+02 2.378600511245313465e-01
1.800000000000000000e+02 2.378599506740992353e-01
1.810000000000000000e+02 2.378598656566383029e-01
1.820000000000000000e+02 2.378598243719118599e-01
1.830000000000000000e+02 2.378597950590332355e-01
1.840000000000000000e+02 2.378597800969020071e-01
1.850000000000000000e+02 2.378597630907856308e-01
1.860000000000000000e+02 2.378597512286586835e-01
1.870000000000000000e+02 2.378597242075735640e-01
1.880000000000000000e+02 2.378596625384733765e-01
1.890000000000000000e+02 2.378596126156118373e-01
1.900000000000000000e+02 2.378595511839831644e-01
1.910000000000000000e+02 2.378594740018647180e-01
1.920000000000000000e+02 2.378594210062389414e-01
1.930000000000000000e+02 2.378593491824706196e-01
1.940000000000000000e+02 2.378593284666435659e-01
1.950000000000000000e+02 2.378592757993989171e-01
1.960000000000000000e+02 2.378592362745860778e-01
1.970000000000000000e+02 2.378591762143345556e-01
1.980000000000000000e+02 2.378591598652830541e-01
1.990000000000000000e+02 2.378591345323778639e-01
2.000000000000000000e+02 2.378590929177523128e-01
2.010000000000000000e+02 2.378590876095556528e-01
2.020000000000000000e+02 2.378590592896889788e-01
2.030000000000000000e+02 2.378590548559172679e-01
2.040000000000000000e+02 2.378590305010117312e-01
2.050000000000000000e+02 2.378590143884001806e-01
2.060000000000000000e+02 2.378590026980494099e-01
2.070000000000000000e+02 2.378589779898232504e-01
2.080000000000000000e+02 2.378589153764365804e-01
2.090000000000000000e+02 2.378589028420460272e-01
2.100000000000000000e+02 2.378589002679434017e-01
2.110000000000000000e+02 2.378588727021339055e-01
2.120000000000000000e+02 2.378588599739732690e-01
2.130000000000000000e+02 2.378588458940523176e-01
2.140000000000000000e+02 2.378588172233145615e-01
2.150000000000000000e+02 2.378588037300600755e-01
2.160000000000000000e+02 2.378587899958768126e-01
2.170000000000000000e+02 2.378587890354901535e-01
