6.554727134027377167e-01
1.037016733303789850e+00
5.833359088016677463e-01
3.130234994132674586e-01
1.757546542340606699e-01
3.147695079930988848e-01
5.157821938770689174e-01
-5.553466960938396868e-02
2.309959653044506567e-01
9.308064387726306954e-01
1.149550348744996286e+00
6.836077755844166548e-01
5.836419094673480634e-01
1.504093889058939204e-01
8.345806855182283934e-01
1.119696539579292383e+00
1.866122392674290364e-01
2.689089528393694417e-01
8.898124682286574494e-01
8.502189850163895113e-02
-1.696663659558113671e-02
8.699107648217916378e-01
2.280578967076189734e-01
-5.331474825131107126e-02
1.311303701500208696e+00
3.712976390808136462e-01
1.168805084011021733e-01
1.184819787467008556e+00
2.718269164417128625e-01
1.923520585979784647e-01
1.633791805580712964e-01
9.005398357446261492e-01
2.724130596080135552e-02
1.197711933604682200e+00
1.076560180905526298e+00
5.595842996577500283e-01
1.146343345278104220e+00
4.479540317437520902e-01
7.557674597350303447e-01
6.138894637276608446e-01
5.236933116436705005e-01
6.326608259522764621e-01
2.940149289580995529e-01
-2.314474970354914868e-03
4.332943968031984783e-01
1.825011998502531707e+00
5.650718680485565804e-01
4.401417513664554471e-01
3.430034921224128230e-01
6.492975925403037252e-01
6.735164039242372835e-01
-6.637156817746667770e-01
7.757429555637158913e-02
3.051788483710980437e-01
1.493062972493919727e+00
8.333419362370851902e-01
2.559005036070614164e-02
-7.765127354984631136e-01
3.336884646459820081e-01
1.021704732034496743e+00
-7.243248666611598052e-01
7.523533244044204871e-01
-3.527420796963501304e-01
4.935314415671802624e-01
1.600448503266536981e+00
1.035307844608901739e-01
8.105836723062086191e-02
5.592025142018558492e-01
8.997758838504207324e-01
1.896814369903522701e+00
2.201276498737987919e-01
3.209575432471510337e-01
