1.092039264147302235e+00
3.802282429282675680e-01
1.068859588601589028e+00
1.532720112365678899e-01
-1.209817003294456905e-01
5.259491947654342248e-01
1.622282005549706696e+00
8.540636325282484620e-01
3.232159068182615114e-01
-6.390682837390444515e-01
2.007698580652999443e+00
8.638779409446732949e-01
5.226716388226790855e-01
8.171351016842779424e-01
-2.143176277336467928e-01
5.138750600114355693e-01
1.573930088803908944e+00
6.751393873711881710e-01
5.005844314196805644e-01
1.909207422201894822e-01
-2.361039903357653805e-02
-5.218543879542226344e-02
-9.459444841982613816e-01
6.032749439818533288e-01
1.408608097035858098e+00
6.113259756951342494e-01
4.219965674980775128e-01
5.922374648342580983e-01
1.309184031368331391e+00
7.306070555422495838e-01
-3.944507841167755324e-01
9.722305850722922083e-01
6.210976411946124154e-01
3.666289121998285716e-01
1.296196441185234471e+00
7.176920634857139047e-01
1.498079804104859081e+00
2.206388010509015563e-01
-1.930388577464512867e+00
1.354828696511613417e+00
-4.375758065998031077e-01
3.876658146962402851e-01
-8.907305666675564559e-01
2.007850020704481375e-01
2.587163222561980280e+00
1.218812933984215974e+00
1.432442363404010210e+00
8.461913036728997417e-01
