1.000000000000000000e+00 5.060742371556480323e-01
2.000000000000000000e+00 3.116970511492879181e-01
3.000000000000000000e+00 2.496848716660423073e-01
4.000000000000000000e+00 2.333145878399218720e-01
5.000000000000000000e+00 2.292174058509941770e-01
6.000000000000000000e+00 2.275984319670442124e-01
7.000000000000000000e+00 2.229018456185135610e-01
8.000000000000000000e+00 2.177629421585001446e-01
9.000000000000000000e+00 2.154150282051315868e-01
1.000000000000000000e+01 2.133187471117243827e-01
1.100000000000000000e+01 2.104148237766955143e-01
1.200000000000000000e+01 2.079688610233458301e-01
1.300000000000000000e+01 2.069516373451574243e-01
1.400000000000000000e+01 2.060830382570617292e-01
1.500000000000000000e+01 2.048279757461659856e-01
1.600000000000000000e+01 2.032856329465004552e-01
1.700000000000000000e+01 2.009966747938291276e-01
1.800000000000000000e+01 1.990340126708024515e-01
1.900000000000000000e+01 1.984702669502221850e-01
2.000000000000000000e+01 1.976857184167427617e-01
2.100000000000000000e+01 1.972957417213269671e-01
2.200000000000000000e+01 1.965613166606443585e-01
2.300000000000000000e+01 1.947182767772586975e-01
2.400000000000000000e+01 1.927972449146939105e-01
2.500000000000000000e+01 1.915231234370807500e-01
2.600000000000000000e+01 1.900423548476024294e-01
2.700000000000000000e+01 1.886629514480938907e-01
2.800000000000000000e+01 1.863564444983692170e-01
2.900000000000000000e+01 1.848517556268476913e-01
3.000000000000000000e+01 1.838572124041524813e-01
3.100000000000000000e+01 1.826540066366383330e-01
3.200000000000000000e+01 1.818989147038897469e-01
3.300000000000000000e+01 1.809727874970127881e-01
3.400000000000000000e+01 1.792552908723355765e-01
3.500000000000000000e+01 1.786626047251057559e-01
3.600000000000000000e+01 1.775967628372859819e-01
3.700000000000000000e+01 1.768610343909347848e-01
3.800000000000000000e+01 1.758221673672137053e-01
3.900000000000000000e+01 1.743746305339712865e-01
4.000000000000000000e+01 1.732619333799027828e-01
4.100000000000000000e+01 1.724983618441052191e-01
4.200000000000000000e+01 1.717051599908348547e-01
4.300000000000000000e+01 1.711854168483744887e-01
4.400000000000000000e+01 1.705699958674072592e-01
4.500000000000000000e+01 1.699221064152084404e-01
4.600000000000000000e+01 1.694985199806698373e-01
4.700000000000000000e+01 1.690988404217093344e-01
4.800000000000000000e+01 1.686559042685867871e-01
4.900000000000000000e+01 1.681947592119873713e-01
5.000000000000000000e+01 1.675731070891839369e-01
5.100000000000000000e+01 1.669714780513953667e-01
5.200000000000000000e+01 1.665573683962938978e-01
5.300000000000000000e+01 1.659752510265341818e-01
5.400000000000000000e+01 1.656617959955198893e-01
5.500000000000000000e+01 1.653204616848688580e-01
5.600000000000000000e+01 1.648025713180092666e-01
5.700000000000000000e+01 1.645662601279670179e-01
5.800000000000000000e+01 1.642557001231849390e-01
5.900000000000000000e+01 1.636825590600844704e-01
6.000000000000000000e+01 1.631358865550458226e-01
6.100000000000000000e+01 1.627915307031768399e-01
6.200000000000000000e+01 1.622166992983139489e-01
6.300000000000000000e+01 1.617508230223759502e-01
6.400000000000000000e+01 1.612203973673526081e-01
6.500000000000000000e+01 1.606388554037180560e-01
6.600000000000000000e+01 1.601456399462948266e-01
6.700000000000000000e+01 1.596948335108947237e-01
6.800000000000000000e+01 1.590942079283559352e-01
6.900000000000000000e+01 1.582212688572300074e-01
7.000000000000000000e+01 1.575310785203738739e-01
7.100000000000000000e+01 1.570322740569532749e-01
7.200000000000000000e+01 1.565488737820019960e-01
7.300000000000000000e+01 1.557640518296952437e-01
7.400000000000000000e+01 1.551113581362105753e-01
7.500000000000000000e+01 1.538708610861994064e-01
7.600000000000000000e+01 1.531905575038060574e-01
7.700000000000000000e+01 1.522832923244808734e-01
7.800000000000000000e+01 1.515648499489733736e-01
7.900000000000000000e+01 1.510638534221112883e-01
8.000000000000000000e+01 1.504054933132802918e-01
8.100000000000000000e+01 1.492336173058491644e-01
8.200000000000000000e+01 1.487278293899016446e-01
8.300000000000000000e+01 1.475758329363025534e-01
8.400000000000000000e+01 1.471174929558686506e-01
8.500000000000000000e+01 1.459994130256833667e-01
8.600000000000000000e+01 1.450799542238399853e-01
8.700000000000000000e+01 1.439983517137298774e-01
8.800000000000000000e+01 1.430257196800066577e-01
8.900000000000000000e+01 1.409560355123664344e-01
9.000000000000000000e+01 1.399591860175228020e-01
9.100000000000000000e+01 1.388662018034388101e-01
9.200000000000000000e+01 1.381193071372769643e-01
9.300000000000000000e+01 1.377774571349046906e-01
9.400000000000000000e+01 1.374884946585422096e-01
9.500000000000000000e+01 1.368918019209918457e-01
9.600000000000000000e+01 1.361403526556319299e-01
9.700000000000000000e+01 1.354341216287770211e-01
9.800000000000000000e+01 1.345805871060195003e-01
9.900000000000000000e+01 1.337112859303983547e-01
1.000000000000000000e+02 1.328232025779569059e-01
1.010000000000000000e+02 1.319866768480369157e-01
1.020000000000000000e+02 1.311649835103085859e-01
1.030000000000000000e+02 1.306077894560892239e-01
1.040000000000000000e+02 1.300570828230965814e-01
1.050000000000000000e+02 1.296330278303906847e-01
1.060000000000000000e+02 1.292426941217242609e-01
