
Figur of merit = weighted_fidelity_chi
Problem = diamond
Number of qubits = 3
Entanglement = y
Number of layers = 8
Minimization method = L-BFGS-B
Random seed = 30

BEST RESULT


THETA = 
[[[ 0.65547271  1.03701673  0.58333591]
  [ 0.3130235   0.17575465  0.31476951]
  [ 0.51578219 -0.05553467  0.23099597]
  [ 0.93080644  1.14955035  0.68360778]
  [ 0.58364191  0.15040939  0.83458069]
  [ 1.11969654  0.18661224  0.26890895]
  [ 0.88981247  0.0850219  -0.01696664]
  [ 0.86991076  0.2280579  -0.05331475]]

 [[ 1.3113037   0.37129764  0.11688051]
  [ 1.18481979  0.27182692  0.19235206]
  [ 0.16337918  0.90053984  0.02724131]
  [ 1.19771193  1.07656018  0.5595843 ]
  [ 1.14634335  0.44795403  0.75576746]
  [ 0.61388946  0.52369331  0.63266083]
  [ 0.29401493 -0.00231447  0.4332944 ]
  [ 1.825012    0.56507187  0.44014175]]

 [[ 0.34300349  0.64929759  0.6735164 ]
  [-0.66371568  0.0775743   0.30517885]
  [ 1.49306297  0.83334194  0.02559005]
  [-0.77651274  0.33368846  1.02170473]
  [-0.72432487  0.75235332 -0.35274208]
  [ 0.49353144  1.6004485   0.10353078]
  [ 0.08105837  0.55920251  0.89977588]
  [ 1.89681437  0.22012765  0.32095754]]]
ALPHA = 
[[[ 1.09203926  0.38022824]
  [ 1.06885959  0.15327201]
  [-0.1209817   0.52594919]
  [ 1.62228201  0.85406363]
  [ 0.32321591 -0.63906828]
  [ 2.00769858  0.86387794]
  [ 0.52267164  0.8171351 ]
  [-0.21431763  0.51387506]]

 [[ 1.57393009  0.67513939]
  [ 0.50058443  0.19092074]
  [-0.0236104  -0.05218544]
  [-0.94594448  0.60327494]
  [ 1.4086081   0.61132598]
  [ 0.42199657  0.59223746]
  [ 1.30918403  0.73060706]
  [-0.39445078  0.97223059]]

 [[ 0.62109764  0.36662891]
  [ 1.29619644  0.71769206]
  [ 1.4980798   0.2206388 ]
  [-1.93038858  1.3548287 ]
  [-0.43757581  0.38766581]
  [-0.89073057  0.200785  ]
  [ 2.58716322  1.21881293]
  [ 1.43244236  0.8461913 ]]]
WEIGHTS = 
[[-3.37824141  3.061581    1.37543231]
 [-3.44525519  3.03006251  1.36987707]]
chi**2 = 0.12924269412172426
acc_train = 0.84
acc_test = 0.69675