1.000000000000000000e+00 6.695808182632188854e-02
2.000000000000000000e+00 6.252703178089305536e-02
3.000000000000000000e+00 4.010289113862287175e-02
4.000000000000000000e+00 1.698505328465206576e-02
5.000000000000000000e+00 5.569120589847541790e-03
6.000000000000000000e+00 3.576372062025025278e-03
7.000000000000000000e+00 2.855524314818285066e-03
8.000000000000000000e+00 2.509958496404745068e-03
9.000000000000000000e+00 2.357392698075766718e-03
1.000000000000000000e+01 2.309669777617864503e-03
1.100000000000000000e+01 2.139861183399351541e-03
1.200000000000000000e+01 1.787762473616325010e-03
1.300000000000000000e+01 1.343373670097511904e-03
1.400000000000000000e+01 1.130290702803502184e-03
1.500000000000000000e+01 1.075722634200011393e-03
1.600000000000000000e+01 1.020148903181097855e-03
1.700000000000000000e+01 9.713170429826009557e-04
1.800000000000000000e+01 9.351708852378107142e-04
1.900000000000000000e+01 9.251072768282490085e-04
2.000000000000000000e+01 9.170130763402999097e-04
2.100000000000000000e+01 9.132360799929389178e-04
2.200000000000000000e+01 9.043732736861303818e-04
2.300000000000000000e+01 8.964959836540086976e-04
2.400000000000000000e+01 8.952126323330129301e-04
2.500000000000000000e+01 8.945778972889723143e-04
2.600000000000000000e+01 8.944734952678522416e-04
2.700000000000000000e+01 8.942518735858622728e-04
2.800000000000000000e+01 8.938891222450530893e-04
2.900000000000000000e+01 8.929980986800572802e-04
3.000000000000000000e+01 8.913500214601692085e-04
3.100000000000000000e+01 8.885480255442579703e-04
3.200000000000000000e+01 8.857688535026427955e-04
3.300000000000000000e+01 8.835499458290550171e-04
3.400000000000000000e+01 8.801779814825713222e-04
3.500000000000000000e+01 8.790895094800129728e-04
3.600000000000000000e+01 8.777714902027538863e-04
3.700000000000000000e+01 8.771933684767341125e-04
3.800000000000000000e+01 8.766601475215846009e-04
3.900000000000000000e+01 8.756729415925642006e-04
4.000000000000000000e+01 8.753215611721161310e-04
4.100000000000000000e+01 8.749220999117628735e-04
4.200000000000000000e+01 8.745978948510733019e-04
4.300000000000000000e+01 8.744891258485468569e-04
4.400000000000000000e+01 8.744649216566497980e-04
4.500000000000000000e+01 8.744598242600003799e-04
4.600000000000000000e+01 8.744586132645856477e-04
