1.000000000000000000e+00 4.463849277206475286e-01
2.000000000000000000e+00 2.627038701189363112e-01
3.000000000000000000e+00 2.607661640851743345e-01
4.000000000000000000e+00 2.591096450082661096e-01
5.000000000000000000e+00 2.519092773971027821e-01
6.000000000000000000e+00 2.467791095007578761e-01
7.000000000000000000e+00 2.413664471538544409e-01
8.000000000000000000e+00 2.393476725139139782e-01
9.000000000000000000e+00 2.392348957887410754e-01
1.000000000000000000e+01 2.388895287340123130e-01
1.100000000000000000e+01 2.388374691853412668e-01
1.200000000000000000e+01 2.386477443618547356e-01
1.300000000000000000e+01 2.385936905498063643e-01
1.400000000000000000e+01 2.385712583958478628e-01
1.500000000000000000e+01 2.385493328307714822e-01
1.600000000000000000e+01 2.384825543130010550e-01
1.700000000000000000e+01 2.383256230682075094e-01
1.800000000000000000e+01 2.382757832865868841e-01
1.900000000000000000e+01 2.382443351754991445e-01
2.000000000000000000e+01 2.382061576993737273e-01
2.100000000000000000e+01 2.381644013437855256e-01
2.200000000000000000e+01 2.381455343197715901e-01
2.300000000000000000e+01 2.381060986838860749e-01
2.400000000000000000e+01 2.380725259993072829e-01
2.500000000000000000e+01 2.380588852289734492e-01
2.600000000000000000e+01 2.380530875408929381e-01
2.700000000000000000e+01 2.380512338348544088e-01
2.800000000000000000e+01 2.380442858932789174e-01
2.900000000000000000e+01 2.380300325561642838e-01
3.000000000000000000e+01 2.380247419832460243e-01
3.100000000000000000e+01 2.380092494765007893e-01
3.200000000000000000e+01 2.379853821708521333e-01
3.300000000000000000e+01 2.379537267087272201e-01
3.400000000000000000e+01 2.379466280640002429e-01
3.500000000000000000e+01 2.379393995325957134e-01
3.600000000000000000e+01 2.379259665742941288e-01
3.700000000000000000e+01 2.379202172898528256e-01
3.800000000000000000e+01 2.379164951656000393e-01
3.900000000000000000e+01 2.379137181813486268e-01
4.000000000000000000e+01 2.379117143239856402e-01
4.100000000000000000e+01 2.379108036999987852e-01
4.200000000000000000e+01 2.379104477591069966e-01
4.300000000000000000e+01 2.379100354098073189e-01
4.400000000000000000e+01 2.379095235632712191e-01
4.500000000000000000e+01 2.379086450156485677e-01
4.600000000000000000e+01 2.379067865643658686e-01
4.700000000000000000e+01 2.379037393608084971e-01
4.800000000000000000e+01 2.378959466987955185e-01
4.900000000000000000e+01 2.378809695896527965e-01
5.000000000000000000e+01 2.378763972259620441e-01
5.100000000000000000e+01 2.378556656113696988e-01
5.200000000000000000e+01 2.378121220073340647e-01
5.300000000000000000e+01 2.377974842957194523e-01
5.400000000000000000e+01 2.377168259145658880e-01
5.500000000000000000e+01 2.376951890103633225e-01
5.600000000000000000e+01 2.376380413742408271e-01
5.700000000000000000e+01 2.375810880881451259e-01
5.800000000000000000e+01 2.374836777919593911e-01
5.900000000000000000e+01 2.373837383625243269e-01
6.000000000000000000e+01 2.373209811366452371e-01
6.100000000000000000e+01 2.372770989062741587e-01
6.200000000000000000e+01 2.371906702150062829e-01
6.300000000000000000e+01 2.370572542113226766e-01
6.400000000000000000e+01 2.369180726753294386e-01
6.500000000000000000e+01 2.368603149798386431e-01
6.600000000000000000e+01 2.367701045312273767e-01
6.700000000000000000e+01 2.367476460349424716e-01
6.800000000000000000e+01 2.367359743610327749e-01
6.900000000000000000e+01 2.367349385197697609e-01
7.000000000000000000e+01 2.367295308921981700e-01
7.100000000000000000e+01 2.367272317664198822e-01
7.200000000000000000e+01 2.367173061102497977e-01
7.300000000000000000e+01 2.367135797719445156e-01
7.400000000000000000e+01 2.367125260907036177e-01
7.500000000000000000e+01 2.367111044602467629e-01
7.600000000000000000e+01 2.367107937220596647e-01
7.700000000000000000e+01 2.367105698851959539e-01
7.800000000000000000e+01 2.367100971214811667e-01
7.900000000000000000e+01 2.367089044799565722e-01
8.000000000000000000e+01 2.367059460092145462e-01
8.100000000000000000e+01 2.366999295894422484e-01
8.200000000000000000e+01 2.366955312605248940e-01
8.300000000000000000e+01 2.366851629415966107e-01
8.400000000000000000e+01 2.366611674495350814e-01
8.500000000000000000e+01 2.366368792067702620e-01
8.600000000000000000e+01 2.366280766730795293e-01
8.700000000000000000e+01 2.366165334445488599e-01
8.800000000000000000e+01 2.366069441635844928e-01
8.900000000000000000e+01 2.365930043672753447e-01
9.000000000000000000e+01 2.365774560502452439e-01
9.100000000000000000e+01 2.365563983013385663e-01
9.200000000000000000e+01 2.365473834966523026e-01
9.300000000000000000e+01 2.365435332470856300e-01
9.400000000000000000e+01 2.365321654051606159e-01
9.500000000000000000e+01 2.365241648400693564e-01
9.600000000000000000e+01 2.365183418299295626e-01
9.700000000000000000e+01 2.365137099153861167e-01
9.800000000000000000e+01 2.365025719188398323e-01
9.900000000000000000e+01 2.364960534159027961e-01
1.000000000000000000e+02 2.364920105620047230e-01
1.010000000000000000e+02 2.364782290293820921e-01
1.020000000000000000e+02 2.364765198971309768e-01
1.030000000000000000e+02 2.364741249930549516e-01
1.040000000000000000e+02 2.364713722977518640e-01
1.050000000000000000e+02 2.364678214298482628e-01
1.060000000000000000e+02 2.364651837614951957e-01
1.070000000000000000e+02 2.364610926377432309e-01
1.080000000000000000e+02 2.364593039878911673e-01
1.090000000000000000e+02 2.364583333332130888e-01
1.100000000000000000e+02 2.364572370783962485e-01
1.110000000000000000e+02 2.364566305346814667e-01
1.120000000000000000e+02 2.364551206451441234e-01
1.130000000000000000e+02 2.364545433392594986e-01
1.140000000000000000e+02 2.364538243302685694e-01
1.150000000000000000e+02 2.364533611828599224e-01
1.160000000000000000e+02 2.364528336938075403e-01
1.170000000000000000e+02 2.364523469293571545e-01
1.180000000000000000e+02 2.364513715096091540e-01
1.190000000000000000e+02 2.364511716119875873e-01
1.200000000000000000e+02 2.364505783206039269e-01
1.210000000000000000e+02 2.364503545033318221e-01
1.220000000000000000e+02 2.364502516680312971e-01
1.230000000000000000e+02 2.364501592781993455e-01
1.240000000000000000e+02 2.364500045547588414e-01
1.250000000000000000e+02 2.364496113036847202e-01
1.260000000000000000e+02 2.364492234499462886e-01
1.270000000000000000e+02 2.364479558357910072e-01
1.280000000000000000e+02 2.364446932293559900e-01
1.290000000000000000e+02 2.364428265525152506e-01
1.300000000000000000e+02 2.364398562671605197e-01
1.310000000000000000e+02 2.364388535179188788e-01
1.320000000000000000e+02 2.364361605650448783e-01
1.330000000000000000e+02 2.364318949471589937e-01
1.340000000000000000e+02 2.364288605105755448e-01
1.350000000000000000e+02 2.364278181061711115e-01
1.360000000000000000e+02 2.364259464016661427e-01
1.370000000000000000e+02 2.364253646801300346e-01
1.380000000000000000e+02 2.364242687294310918e-01
1.390000000000000000e+02 2.364231114412459478e-01
1.400000000000000000e+02 2.364202740176968576e-01
1.410000000000000000e+02 2.364162729921155948e-01
1.420000000000000000e+02 2.364111638955065375e-01
1.430000000000000000e+02 2.363957482730006943e-01
1.440000000000000000e+02 2.363923464760766258e-01
1.450000000000000000e+02 2.363880738182709551e-01
1.460000000000000000e+02 2.363472808036682637e-01
1.470000000000000000e+02 2.363419002996708929e-01
1.480000000000000000e+02 2.363316926384375904e-01
1.490000000000000000e+02 2.363223787883922955e-01
1.500000000000000000e+02 2.363101284812889613e-01
1.510000000000000000e+02 2.363056473430392712e-01
1.520000000000000000e+02 2.362974323669073673e-01
1.530000000000000000e+02 2.362933510396302561e-01
1.540000000000000000e+02 2.362865576603700724e-01
1.550000000000000000e+02 2.362796671182704200e-01
1.560000000000000000e+02 2.362699213142548937e-01
1.570000000000000000e+02 2.362529229265910857e-01
1.580000000000000000e+02 2.362321438215292946e-01
1.590000000000000000e+02 2.362113855788677275e-01
1.600000000000000000e+02 2.361798170509634698e-01
1.610000000000000000e+02 2.361556347401531364e-01
1.620000000000000000e+02 2.361486963011137086e-01
1.630000000000000000e+02 2.361355209081347495e-01
1.640000000000000000e+02 2.361297896324105472e-01
1.650000000000000000e+02 2.361246005972409689e-01
1.660000000000000000e+02 2.361225008986388707e-01
1.670000000000000000e+02 2.361175091729560971e-01
1.680000000000000000e+02 2.361136709671038947e-01
1.690000000000000000e+02 2.361113578760942466e-01
1.700000000000000000e+02 2.361108196387316227e-01
1.710000000000000000e+02 2.361103645810474494e-01
1.720000000000000000e+02 2.361099878523063855e-01
1.730000000000000000e+02 2.361092980977700373e-01
1.740000000000000000e+02 2.361069925341543196e-01
1.750000000000000000e+02 2.361039917109126196e-01
1.760000000000000000e+02 2.360972057351314879e-01
1.770000000000000000e+02 2.360889957023078189e-01
1.780000000000000000e+02 2.360874933638946183e-01
1.790000000000000000e+02 2.360851153555166837e-01
1.800000000000000000e+02 2.360801537083904167e-01
1.810000000000000000e+02 2.360782412032211286e-01
1.820000000000000000e+02 2.360763814891911894e-01
1.830000000000000000e+02 2.360751676443366143e-01
1.840000000000000000e+02 2.360744154547145257e-01
1.850000000000000000e+02 2.360733647239961763e-01
1.860000000000000000e+02 2.360730222287789060e-01
1.870000000000000000e+02 2.360728043165852275e-01
1.880000000000000000e+02 2.360726114277492960e-01
1.890000000000000000e+02 2.360725466555473884e-01
1.900000000000000000e+02 2.360725210884250802e-01
1.910000000000000000e+02 2.360724564615014620e-01
1.920000000000000000e+02 2.360724090076694315e-01
1.930000000000000000e+02 2.360723833326095478e-01
1.940000000000000000e+02 2.360723622595153615e-01
1.950000000000000000e+02 2.360723034882205584e-01
1.960000000000000000e+02 2.360722212473844450e-01
1.970000000000000000e+02 2.360720622390467816e-01
1.980000000000000000e+02 2.360717681475700824e-01
1.990000000000000000e+02 2.360714419843316370e-01
2.000000000000000000e+02 2.360710754202079986e-01
2.010000000000000000e+02 2.360708039096346134e-01
2.020000000000000000e+02 2.360705637684044067e-01
2.030000000000000000e+02 2.360704128551672776e-01
2.040000000000000000e+02 2.360701103234460474e-01
2.050000000000000000e+02 2.360698481206075783e-01
2.060000000000000000e+02 2.360695251029858444e-01
2.070000000000000000e+02 2.360693190546765408e-01
2.080000000000000000e+02 2.360690786384501416e-01
2.090000000000000000e+02 2.360687197504917345e-01
2.100000000000000000e+02 2.360679277393448183e-01
2.110000000000000000e+02 2.360667195116805395e-01
2.120000000000000000e+02 2.360637810961178085e-01
2.130000000000000000e+02 2.360602117795196908e-01
2.140000000000000000e+02 2.360532949043100959e-01
2.150000000000000000e+02 2.360506322369065046e-01
2.160000000000000000e+02 2.360495625232311434e-01
2.170000000000000000e+02 2.360465779647503703e-01
2.180000000000000000e+02 2.360434431517753062e-01
2.190000000000000000e+02 2.360401906772554570e-01
2.200000000000000000e+02 2.360358518866493005e-01
2.210000000000000000e+02 2.360322006654259341e-01
2.220000000000000000e+02 2.360292378641577205e-01
2.230000000000000000e+02 2.360281357656529022e-01
2.240000000000000000e+02 2.360254220994667251e-01
2.250000000000000000e+02 2.360248197503752587e-01
2.260000000000000000e+02 2.360217966001166567e-01
2.270000000000000000e+02 2.360180373342516125e-01
2.280000000000000000e+02 2.360110763373743092e-01
2.290000000000000000e+02 2.359975221418121327e-01
2.300000000000000000e+02 2.359840268036367539e-01
2.310000000000000000e+02 2.359752481559470039e-01
2.320000000000000000e+02 2.359660978886811145e-01
2.330000000000000000e+02 2.359620105860407435e-01
2.340000000000000000e+02 2.359537240430445715e-01
2.350000000000000000e+02 2.359459217608764481e-01
2.360000000000000000e+02 2.359260310706045860e-01
2.370000000000000000e+02 2.359127409422693555e-01
2.380000000000000000e+02 2.359045970183759888e-01
2.390000000000000000e+02 2.358973464798569675e-01
2.400000000000000000e+02 2.358877629334507620e-01
2.410000000000000000e+02 2.358820156606271090e-01
2.420000000000000000e+02 2.358756344206213718e-01
2.430000000000000000e+02 2.358687519472655314e-01
2.440000000000000000e+02 2.358623137749549514e-01
2.450000000000000000e+02 2.358489425242559223e-01
2.460000000000000000e+02 2.358393672448826084e-01
2.470000000000000000e+02 2.358289174271109567e-01
2.480000000000000000e+02 2.358087088292413758e-01
2.490000000000000000e+02 2.357980007101334874e-01
2.500000000000000000e+02 2.357924884020738132e-01
2.510000000000000000e+02 2.357882787321464724e-01
2.520000000000000000e+02 2.357852780837893236e-01
2.530000000000000000e+02 2.357771359357360152e-01
2.540000000000000000e+02 2.357675926561597357e-01
2.550000000000000000e+02 2.357638723293538630e-01
2.560000000000000000e+02 2.357609002224506645e-01
2.570000000000000000e+02 2.357520792128568188e-01
2.580000000000000000e+02 2.357492851287364410e-01
2.590000000000000000e+02 2.357445810769653316e-01
2.600000000000000000e+02 2.357420950849654362e-01
2.610000000000000000e+02 2.357385016641758146e-01
2.620000000000000000e+02 2.357323203754008167e-01
2.630000000000000000e+02 2.357285936368912482e-01
2.640000000000000000e+02 2.357238153376649825e-01
2.650000000000000000e+02 2.357199692573497263e-01
2.660000000000000000e+02 2.357140351998542049e-01
2.670000000000000000e+02 2.357051528439890187e-01
2.680000000000000000e+02 2.356896195511365144e-01
2.690000000000000000e+02 2.356795340571644359e-01
2.700000000000000000e+02 2.356783352973407797e-01
2.710000000000000000e+02 2.356762469421309070e-01
2.720000000000000000e+02 2.356747118750187053e-01
2.730000000000000000e+02 2.356742040196213028e-01
2.740000000000000000e+02 2.356721800614262896e-01
2.750000000000000000e+02 2.356713758183590912e-01
2.760000000000000000e+02 2.356705445596975201e-01
2.770000000000000000e+02 2.356662463554477782e-01
2.780000000000000000e+02 2.356628868273745736e-01
2.790000000000000000e+02 2.356609263175183377e-01
2.800000000000000000e+02 2.356598891606853097e-01
2.810000000000000000e+02 2.356592813217382454e-01
2.820000000000000000e+02 2.356590855958953512e-01
2.830000000000000000e+02 2.356587369722728531e-01
2.840000000000000000e+02 2.356578219768116489e-01
2.850000000000000000e+02 2.356555106067008964e-01
2.860000000000000000e+02 2.356521809790340649e-01
2.870000000000000000e+02 2.356489196621858462e-01
2.880000000000000000e+02 2.356433949663744309e-01
2.890000000000000000e+02 2.356405146769561532e-01
2.900000000000000000e+02 2.356395897414522711e-01
2.910000000000000000e+02 2.356390472333370067e-01
2.920000000000000000e+02 2.356387534258441718e-01
2.930000000000000000e+02 2.356375902807823774e-01
2.940000000000000000e+02 2.356369066680535918e-01
2.950000000000000000e+02 2.356365386058751066e-01
2.960000000000000000e+02 2.356355160525851755e-01
2.970000000000000000e+02 2.356335603874585294e-01
2.980000000000000000e+02 2.356311627143524712e-01
2.990000000000000000e+02 2.356302071133430931e-01
3.000000000000000000e+02 2.356282228468180862e-01
3.010000000000000000e+02 2.356274954043120484e-01
3.020000000000000000e+02 2.356265638069331980e-01
3.030000000000000000e+02 2.356259930830166271e-01
3.040000000000000000e+02 2.356252049345971544e-01
3.050000000000000000e+02 2.356240069583447061e-01
3.060000000000000000e+02 2.356208281941162830e-01
3.070000000000000000e+02 2.356175826257423944e-01
3.080000000000000000e+02 2.356113726602414027e-01
3.090000000000000000e+02 2.356045190355706698e-01
3.100000000000000000e+02 2.355973876332433659e-01
3.110000000000000000e+02 2.355888385585156175e-01
3.120000000000000000e+02 2.355807087825357027e-01
3.130000000000000000e+02 2.355803817976122871e-01
3.140000000000000000e+02 2.355729783622861617e-01
3.150000000000000000e+02 2.355691074276691777e-01
3.160000000000000000e+02 2.355671130012586545e-01
3.170000000000000000e+02 2.355640205462548042e-01
3.180000000000000000e+02 2.355620043809818487e-01
3.190000000000000000e+02 2.355610090757258857e-01
3.200000000000000000e+02 2.355598198143593058e-01
3.210000000000000000e+02 2.355570430679682636e-01
3.220000000000000000e+02 2.355545005538724757e-01
3.230000000000000000e+02 2.355537758804510384e-01
3.240000000000000000e+02 2.355535890155929513e-01
3.250000000000000000e+02 2.355534755014908055e-01
3.260000000000000000e+02 2.355533812576977859e-01
3.270000000000000000e+02 2.355532753488244757e-01
3.280000000000000000e+02 2.355532038212781731e-01
3.290000000000000000e+02 2.355531552981649235e-01
3.300000000000000000e+02 2.355531099504648562e-01
3.310000000000000000e+02 2.355530522855805164e-01
3.320000000000000000e+02 2.355528875383884058e-01
3.330000000000000000e+02 2.355527134184647320e-01
3.340000000000000000e+02 2.355523081797988305e-01
3.350000000000000000e+02 2.355518283289581294e-01
3.360000000000000000e+02 2.355511709836617951e-01
3.370000000000000000e+02 2.355496301690401528e-01
3.380000000000000000e+02 2.355493043213460758e-01
3.390000000000000000e+02 2.355484627597960179e-01
3.400000000000000000e+02 2.355475724538472482e-01
3.410000000000000000e+02 2.355468493790528195e-01
3.420000000000000000e+02 2.355462074206351175e-01
3.430000000000000000e+02 2.355458703094663042e-01
3.440000000000000000e+02 2.355454397336611272e-01
3.450000000000000000e+02 2.355451380709898401e-01
3.460000000000000000e+02 2.355448516466039088e-01
3.470000000000000000e+02 2.355441822393968820e-01
3.480000000000000000e+02 2.355436167477301945e-01
3.490000000000000000e+02 2.355432081911011388e-01
3.500000000000000000e+02 2.355422978288444769e-01
3.510000000000000000e+02 2.355409467766405307e-01
3.520000000000000000e+02 2.355398991682870480e-01
3.530000000000000000e+02 2.355394056942030079e-01
3.540000000000000000e+02 2.355389373033756617e-01
3.550000000000000000e+02 2.355386571056163059e-01
3.560000000000000000e+02 2.355378686226521356e-01
3.570000000000000000e+02 2.355374347519666178e-01
3.580000000000000000e+02 2.355353549860954576e-01
3.590000000000000000e+02 2.355346628595141323e-01
3.600000000000000000e+02 2.355345051601537842e-01
3.610000000000000000e+02 2.355343972959603183e-01
3.620000000000000000e+02 2.355343679298315118e-01
3.630000000000000000e+02 2.355343023020698145e-01
3.640000000000000000e+02 2.355342912864182292e-01
3.650000000000000000e+02 2.355342274020566229e-01
3.660000000000000000e+02 2.355342038079911993e-01
3.670000000000000000e+02 2.355341894729999497e-01
3.680000000000000000e+02 2.355341426025636398e-01
3.690000000000000000e+02 2.355341267941343797e-01
3.700000000000000000e+02 2.355339370664273069e-01
3.710000000000000000e+02 2.355331791913883310e-01
3.720000000000000000e+02 2.355315912115298338e-01
3.730000000000000000e+02 2.355306314862212202e-01
3.740000000000000000e+02 2.355295153035128763e-01
3.750000000000000000e+02 2.355285305333362222e-01
3.760000000000000000e+02 2.355272974333073033e-01
3.770000000000000000e+02 2.355265517872099090e-01
3.780000000000000000e+02 2.355258427660652798e-01
3.790000000000000000e+02 2.355256228015388253e-01
3.800000000000000000e+02 2.355253372862919914e-01
3.810000000000000000e+02 2.355249457891844533e-01
3.820000000000000000e+02 2.355242349817111558e-01
3.830000000000000000e+02 2.355235253504871229e-01
3.840000000000000000e+02 2.355226355187492182e-01
3.850000000000000000e+02 2.355209020101981521e-01
3.860000000000000000e+02 2.355205153910539251e-01
3.870000000000000000e+02 2.355200801931369159e-01
3.880000000000000000e+02 2.355197394302180336e-01
3.890000000000000000e+02 2.355194342060234203e-01
3.900000000000000000e+02 2.355190903349446419e-01
3.910000000000000000e+02 2.355188159766698486e-01
3.920000000000000000e+02 2.355185581287173868e-01
3.930000000000000000e+02 2.355182705850168423e-01
3.940000000000000000e+02 2.355178701312354850e-01
3.950000000000000000e+02 2.355171868619727604e-01
3.960000000000000000e+02 2.355168125343403418e-01
3.970000000000000000e+02 2.355161548834940888e-01
3.980000000000000000e+02 2.355158031130266949e-01
3.990000000000000000e+02 2.355154147093205808e-01
4.000000000000000000e+02 2.355152874012801101e-01
4.010000000000000000e+02 2.355151228628540871e-01
4.020000000000000000e+02 2.355150018068771500e-01
4.030000000000000000e+02 2.355148696889177162e-01
4.040000000000000000e+02 2.355148023259700796e-01
4.050000000000000000e+02 2.355144869734131785e-01
4.060000000000000000e+02 2.355141421512414457e-01
4.070000000000000000e+02 2.355140506289117308e-01
4.080000000000000000e+02 2.355136117848567190e-01
4.090000000000000000e+02 2.355132681738671963e-01
4.100000000000000000e+02 2.355129657757032702e-01
4.110000000000000000e+02 2.355125996307677050e-01
4.120000000000000000e+02 2.355123413473674543e-01
4.130000000000000000e+02 2.355121812531142944e-01
4.140000000000000000e+02 2.355120516650495710e-01
4.150000000000000000e+02 2.355117394848590118e-01
4.160000000000000000e+02 2.355112049170592081e-01
4.170000000000000000e+02 2.355109555937776600e-01
4.180000000000000000e+02 2.355109020699848177e-01
4.190000000000000000e+02 2.355107474919455879e-01
4.200000000000000000e+02 2.355106252057616312e-01
4.210000000000000000e+02 2.355103755033873814e-01
4.220000000000000000e+02 2.355100870650750911e-01
4.230000000000000000e+02 2.355096743554709049e-01
4.240000000000000000e+02 2.355086252697203841e-01
4.250000000000000000e+02 2.355065898688709913e-01
4.260000000000000000e+02 2.355062327311362447e-01
4.270000000000000000e+02 2.355051580474645800e-01
4.280000000000000000e+02 2.355045033279405398e-01
4.290000000000000000e+02 2.355040736568277948e-01
4.300000000000000000e+02 2.355031919168376897e-01
4.310000000000000000e+02 2.355029284155072122e-01
4.320000000000000000e+02 2.355026683284367484e-01
4.330000000000000000e+02 2.355024496947666079e-01
4.340000000000000000e+02 2.355012633055852678e-01
4.350000000000000000e+02 2.354998890329888794e-01
4.360000000000000000e+02 2.354985507166667269e-01
4.370000000000000000e+02 2.354974407397192604e-01
4.380000000000000000e+02 2.354971706592483838e-01
4.390000000000000000e+02 2.354966912011918490e-01
4.400000000000000000e+02 2.354964197733291353e-01
4.410000000000000000e+02 2.354958422580954724e-01
4.420000000000000000e+02 2.354944207249411725e-01
4.430000000000000000e+02 2.354936376093235417e-01
4.440000000000000000e+02 2.354926147466805397e-01
4.450000000000000000e+02 2.354918865004054229e-01
4.460000000000000000e+02 2.354914382625604152e-01
4.470000000000000000e+02 2.354909330898205533e-01
4.480000000000000000e+02 2.354906892979184985e-01
4.490000000000000000e+02 2.354905103646982301e-01
4.500000000000000000e+02 2.354904393341487046e-01
4.510000000000000000e+02 2.354903316105476652e-01
4.520000000000000000e+02 2.354902388465832941e-01
4.530000000000000000e+02 2.354901527158965724e-01
4.540000000000000000e+02 2.354901139122362597e-01
4.550000000000000000e+02 2.354900590342417499e-01
4.560000000000000000e+02 2.354900366449194926e-01
4.570000000000000000e+02 2.354900097646263069e-01
4.580000000000000000e+02 2.354899752486815379e-01
4.590000000000000000e+02 2.354899707446724832e-01
4.600000000000000000e+02 2.354899603984746403e-01
4.610000000000000000e+02 2.354899553226971476e-01
4.620000000000000000e+02 2.354899519950221509e-01
4.630000000000000000e+02 2.354899517597948411e-01
