1.000000000000000000e+00 1.405367341984938290e-01
2.000000000000000000e+00 9.998235434006122468e-02
3.000000000000000000e+00 7.874853793697669802e-02
4.000000000000000000e+00 7.167345491765066134e-02
5.000000000000000000e+00 6.173309025847759784e-02
6.000000000000000000e+00 4.925527826008571641e-02
7.000000000000000000e+00 4.469515552916474704e-02
8.000000000000000000e+00 4.285084194916543437e-02
9.000000000000000000e+00 4.155960057732257379e-02
1.000000000000000000e+01 4.118612955853250684e-02
1.100000000000000000e+01 4.110545434269315818e-02
1.200000000000000000e+01 4.106780511376921516e-02
1.300000000000000000e+01 4.106386213604257263e-02
1.400000000000000000e+01 4.106275368717638569e-02
1.500000000000000000e+01 4.106192135944224803e-02
1.600000000000000000e+01 4.106184633265796274e-02
1.700000000000000000e+01 4.106183997380103562e-02
1.800000000000000000e+01 4.106183880439408934e-02
