1.000000000000000000e+00 2.267387914874535171e-01
2.000000000000000000e+00 1.073467307452342645e-01
3.000000000000000000e+00 3.899523183575302060e-02
4.000000000000000000e+00 1.447892067920005139e-02
5.000000000000000000e+00 1.392665218320811478e-02
6.000000000000000000e+00 1.391157230044885729e-02
7.000000000000000000e+00 1.390681286708360040e-02
8.000000000000000000e+00 1.390562384234521852e-02
9.000000000000000000e+00 1.390553917891629646e-02
1.000000000000000000e+01 1.390553329504180639e-02
1.100000000000000000e+01 1.390553276816644014e-02
