1.000000000000000000e+00 3.408113686736865544e-01
2.000000000000000000e+00 2.155432871017613772e-01
3.000000000000000000e+00 1.732672113283407478e-01
4.000000000000000000e+00 1.443830772675582241e-01
5.000000000000000000e+00 1.143532385144478414e-01
6.000000000000000000e+00 9.546258934238176230e-02
7.000000000000000000e+00 8.856223128344668793e-02
8.000000000000000000e+00 8.431792108418152687e-02
9.000000000000000000e+00 7.706140258846642943e-02
1.000000000000000000e+01 7.577460280475308008e-02
1.100000000000000000e+01 7.482146253390496715e-02
1.200000000000000000e+01 7.289886026000366726e-02
1.300000000000000000e+01 7.142239952265960756e-02
1.400000000000000000e+01 6.993877178802597461e-02
1.500000000000000000e+01 6.823830699963961965e-02
1.600000000000000000e+01 6.717806260001807361e-02
1.700000000000000000e+01 6.612449960170736774e-02
1.800000000000000000e+01 6.485474001587808457e-02
1.900000000000000000e+01 6.371556628997140925e-02
2.000000000000000000e+01 6.323170095889088516e-02
2.100000000000000000e+01 6.226466822059695955e-02
2.200000000000000000e+01 6.195873731228931924e-02
2.300000000000000000e+01 6.142521715837303414e-02
2.400000000000000000e+01 6.059514340113530961e-02
2.500000000000000000e+01 5.996381721221015482e-02
2.600000000000000000e+01 5.904834180025912704e-02
2.700000000000000000e+01 5.832676664740664429e-02
2.800000000000000000e+01 5.753771353076829465e-02
2.900000000000000000e+01 5.723761119176896256e-02
3.000000000000000000e+01 5.667501978230575499e-02
3.100000000000000000e+01 5.639743677120919590e-02
3.200000000000000000e+01 5.608588814823740887e-02
3.300000000000000000e+01 5.589428215283150092e-02
3.400000000000000000e+01 5.576296177667296877e-02
3.500000000000000000e+01 5.565570798596278929e-02
3.600000000000000000e+01 5.554850189172601954e-02
3.700000000000000000e+01 5.549027344226385022e-02
3.800000000000000000e+01 5.546059286427006130e-02
3.900000000000000000e+01 5.542766506439170127e-02
4.000000000000000000e+01 5.537877344547061098e-02
4.100000000000000000e+01 5.529448531379874132e-02
4.200000000000000000e+01 5.527343592107108322e-02
4.300000000000000000e+01 5.515515023152013641e-02
4.400000000000000000e+01 5.509917004038285965e-02
4.500000000000000000e+01 5.501753798055714073e-02
4.600000000000000000e+01 5.493463621416126014e-02
4.700000000000000000e+01 5.484519602332071225e-02
4.800000000000000000e+01 5.478922110150588609e-02
4.900000000000000000e+01 5.471325357571555498e-02
5.000000000000000000e+01 5.461790972488376333e-02
5.100000000000000000e+01 5.443640081678683545e-02
5.200000000000000000e+01 5.438679041971763994e-02
5.300000000000000000e+01 5.433343399142132740e-02
5.400000000000000000e+01 5.430252774709372343e-02
5.500000000000000000e+01 5.427671308709382941e-02
5.600000000000000000e+01 5.424685332583815967e-02
5.700000000000000000e+01 5.422345048282723595e-02
5.800000000000000000e+01 5.420197777751400992e-02
5.900000000000000000e+01 5.414079048525370641e-02
6.000000000000000000e+01 5.404457602670644650e-02
6.100000000000000000e+01 5.394905168488973307e-02
6.200000000000000000e+01 5.379591164718987989e-02
6.300000000000000000e+01 5.355528614989953778e-02
6.400000000000000000e+01 5.351901897242232475e-02
6.500000000000000000e+01 5.339998684139697638e-02
6.600000000000000000e+01 5.334389080553354756e-02
6.700000000000000000e+01 5.324712190322931221e-02
6.800000000000000000e+01 5.314426202172175401e-02
6.900000000000000000e+01 5.305547486315240896e-02
7.000000000000000000e+01 5.290067601787457746e-02
7.100000000000000000e+01 5.277901651573637526e-02
7.200000000000000000e+01 5.260236932926008052e-02
7.300000000000000000e+01 5.247759380163118104e-02
7.400000000000000000e+01 5.236666689900879024e-02
7.500000000000000000e+01 5.175604003591164487e-02
7.600000000000000000e+01 5.125720658173887889e-02
7.700000000000000000e+01 5.073915363087410507e-02
7.800000000000000000e+01 5.070468324582510372e-02
7.900000000000000000e+01 5.021604247348524647e-02
8.000000000000000000e+01 4.981795922874845267e-02
8.100000000000000000e+01 4.926124178780753177e-02
8.200000000000000000e+01 4.872992403553563778e-02
8.300000000000000000e+01 4.819778419578883699e-02
8.400000000000000000e+01 4.785176825258637134e-02
8.500000000000000000e+01 4.767249548699549477e-02
8.600000000000000000e+01 4.754714870037309027e-02
8.700000000000000000e+01 4.748602155660842233e-02
8.800000000000000000e+01 4.741663546938925528e-02
8.900000000000000000e+01 4.728271442328536162e-02
9.000000000000000000e+01 4.720567943459563071e-02
9.100000000000000000e+01 4.709909276010826318e-02
9.200000000000000000e+01 4.702037932024804440e-02
9.300000000000000000e+01 4.691491642555783992e-02
9.400000000000000000e+01 4.672480658693496658e-02
9.500000000000000000e+01 4.644058665213786352e-02
9.600000000000000000e+01 4.624176042479862664e-02
9.700000000000000000e+01 4.607175254224397942e-02
9.800000000000000000e+01 4.599187529818299369e-02
9.900000000000000000e+01 4.588395062991429407e-02
1.000000000000000000e+02 4.576268322799245669e-02
1.010000000000000000e+02 4.567172438888356112e-02
1.020000000000000000e+02 4.555984150819884781e-02
1.030000000000000000e+02 4.552764809959575915e-02
1.040000000000000000e+02 4.548022887912289702e-02
1.050000000000000000e+02 4.540616987263994958e-02
1.060000000000000000e+02 4.533654803960975727e-02
1.070000000000000000e+02 4.527323660640025088e-02
1.080000000000000000e+02 4.523618659974693729e-02
1.090000000000000000e+02 4.520043801749724921e-02
1.100000000000000000e+02 4.518524168828338267e-02
1.110000000000000000e+02 4.517019411212282176e-02
1.120000000000000000e+02 4.513064118136966840e-02
1.130000000000000000e+02 4.510836372433522229e-02
1.140000000000000000e+02 4.507230344258383176e-02
1.150000000000000000e+02 4.505702360968800307e-02
1.160000000000000000e+02 4.503092761484589479e-02
1.170000000000000000e+02 4.501969289466131036e-02
1.180000000000000000e+02 4.498878841758870151e-02
1.190000000000000000e+02 4.497709906802607044e-02
1.200000000000000000e+02 4.496681234041272068e-02
1.210000000000000000e+02 4.495415594233212464e-02
1.220000000000000000e+02 4.492781872790585496e-02
1.230000000000000000e+02 4.490238789282059023e-02
1.240000000000000000e+02 4.487068385067086163e-02
1.250000000000000000e+02 4.485971713044926285e-02
1.260000000000000000e+02 4.485057990206370304e-02
1.270000000000000000e+02 4.483612993949735726e-02
1.280000000000000000e+02 4.478512824082723359e-02
1.290000000000000000e+02 4.475707498663356737e-02
1.300000000000000000e+02 4.474478811387144761e-02
1.310000000000000000e+02 4.471784614750745623e-02
1.320000000000000000e+02 4.469327571923893683e-02
1.330000000000000000e+02 4.465012688380928796e-02
1.340000000000000000e+02 4.461940714703804128e-02
1.350000000000000000e+02 4.458319081767703890e-02
1.360000000000000000e+02 4.452213220038206409e-02
1.370000000000000000e+02 4.447719508644265574e-02
1.380000000000000000e+02 4.444647744196025818e-02
1.390000000000000000e+02 4.441621368961086447e-02
1.400000000000000000e+02 4.439592237185656376e-02
1.410000000000000000e+02 4.435199058416618850e-02
1.420000000000000000e+02 4.427900627362554159e-02
1.430000000000000000e+02 4.423860019023265894e-02
1.440000000000000000e+02 4.422818354268272245e-02
1.450000000000000000e+02 4.422516814371195426e-02
1.460000000000000000e+02 4.421993914223729116e-02
1.470000000000000000e+02 4.421647690341985737e-02
1.480000000000000000e+02 4.421213401808543608e-02
1.490000000000000000e+02 4.420467365989424330e-02
1.500000000000000000e+02 4.419444924777869710e-02
1.510000000000000000e+02 4.418544432088092333e-02
1.520000000000000000e+02 4.416139875829522971e-02
1.530000000000000000e+02 4.415671139359395037e-02
1.540000000000000000e+02 4.415373969571095847e-02
1.550000000000000000e+02 4.415020903601954427e-02
1.560000000000000000e+02 4.414136122028336495e-02
1.570000000000000000e+02 4.413736441492700086e-02
1.580000000000000000e+02 4.413323354414668692e-02
1.590000000000000000e+02 4.413027744843980860e-02
1.600000000000000000e+02 4.412493117774019674e-02
1.610000000000000000e+02 4.411573172102970647e-02
1.620000000000000000e+02 4.410602163696896588e-02
1.630000000000000000e+02 4.409850066458551043e-02
1.640000000000000000e+02 4.408851594908799049e-02
1.650000000000000000e+02 4.408396777821493862e-02
1.660000000000000000e+02 4.406850145739306390e-02
1.670000000000000000e+02 4.406118407125375613e-02
1.680000000000000000e+02 4.405619557267390768e-02
1.690000000000000000e+02 4.405373613057887716e-02
1.700000000000000000e+02 4.405083295221787903e-02
1.710000000000000000e+02 4.404529753665808317e-02
1.720000000000000000e+02 4.403247119233087703e-02
1.730000000000000000e+02 4.401488684869540868e-02
1.740000000000000000e+02 4.399714015442207637e-02
1.750000000000000000e+02 4.397142572592123433e-02
1.760000000000000000e+02 4.395860953435058727e-02
1.770000000000000000e+02 4.395251190362039345e-02
1.780000000000000000e+02 4.394497112388066895e-02
1.790000000000000000e+02 4.393934047617621685e-02
1.800000000000000000e+02 4.392766066111097184e-02
1.810000000000000000e+02 4.390526331865217402e-02
1.820000000000000000e+02 4.389382712808979209e-02
1.830000000000000000e+02 4.387601392310112175e-02
1.840000000000000000e+02 4.386747196637977297e-02
1.850000000000000000e+02 4.385034810963502755e-02
1.860000000000000000e+02 4.384514079112165202e-02
1.870000000000000000e+02 4.383539762160239966e-02
1.880000000000000000e+02 4.382169511938607126e-02
1.890000000000000000e+02 4.380997018019969214e-02
1.900000000000000000e+02 4.378998892511380692e-02
1.910000000000000000e+02 4.373203801524140621e-02
1.920000000000000000e+02 4.368607445042196891e-02
1.930000000000000000e+02 4.367343187329122967e-02
1.940000000000000000e+02 4.366823957491128283e-02
1.950000000000000000e+02 4.366611916819482242e-02
1.960000000000000000e+02 4.366136333380809392e-02
1.970000000000000000e+02 4.365461876803727187e-02
1.980000000000000000e+02 4.364813393282859777e-02
1.990000000000000000e+02 4.364001658381554821e-02
2.000000000000000000e+02 4.362440395949097882e-02
2.010000000000000000e+02 4.361496355808407166e-02
2.020000000000000000e+02 4.360775314059157914e-02
2.030000000000000000e+02 4.359654067708812475e-02
2.040000000000000000e+02 4.358799973537491601e-02
2.050000000000000000e+02 4.357899697417627616e-02
2.060000000000000000e+02 4.357232955855243339e-02
2.070000000000000000e+02 4.356777351993258718e-02
2.080000000000000000e+02 4.355636192700285819e-02
2.090000000000000000e+02 4.353960057515166709e-02
2.100000000000000000e+02 4.352505108647247711e-02
2.110000000000000000e+02 4.351004570641145430e-02
2.120000000000000000e+02 4.350027308647223812e-02
2.130000000000000000e+02 4.349458016928919174e-02
2.140000000000000000e+02 4.347884803152005789e-02
2.150000000000000000e+02 4.346065902755087695e-02
2.160000000000000000e+02 4.344889431580179623e-02
2.170000000000000000e+02 4.344283645349355377e-02
2.180000000000000000e+02 4.343934076920203530e-02
2.190000000000000000e+02 4.343495626919882668e-02
2.200000000000000000e+02 4.343033479422541560e-02
2.210000000000000000e+02 4.342187837461983918e-02
2.220000000000000000e+02 4.341425177920663764e-02
2.230000000000000000e+02 4.340716476823937298e-02
2.240000000000000000e+02 4.339818510453556655e-02
2.250000000000000000e+02 4.337569096103614102e-02
2.260000000000000000e+02 4.337113883334772768e-02
2.270000000000000000e+02 4.335566576609749950e-02
2.280000000000000000e+02 4.335001799609058959e-02
2.290000000000000000e+02 4.334469609287285030e-02
2.300000000000000000e+02 4.333747409723764932e-02
2.310000000000000000e+02 4.333166421706243637e-02
2.320000000000000000e+02 4.332325092171999958e-02
2.330000000000000000e+02 4.331990770742034924e-02
2.340000000000000000e+02 4.331538004213470600e-02
2.350000000000000000e+02 4.330478224547160832e-02
2.360000000000000000e+02 4.329216181927357521e-02
2.370000000000000000e+02 4.328652725428042136e-02
2.380000000000000000e+02 4.327222551352252755e-02
2.390000000000000000e+02 4.326838160894012214e-02
2.400000000000000000e+02 4.326539585460096454e-02
2.410000000000000000e+02 4.326477533222512772e-02
2.420000000000000000e+02 4.326384254143025854e-02
2.430000000000000000e+02 4.326099248002116676e-02
2.440000000000000000e+02 4.325834555210592708e-02
2.450000000000000000e+02 4.325730949057464414e-02
2.460000000000000000e+02 4.325486781910104633e-02
2.470000000000000000e+02 4.325429541462565142e-02
2.480000000000000000e+02 4.325298953297580795e-02
2.490000000000000000e+02 4.325105710523019509e-02
2.500000000000000000e+02 4.325008992616515002e-02
2.510000000000000000e+02 4.324821708358422834e-02
2.520000000000000000e+02 4.324759129870350827e-02
2.530000000000000000e+02 4.324716802647719099e-02
2.540000000000000000e+02 4.324670045553083431e-02
2.550000000000000000e+02 4.324532441821239692e-02
2.560000000000000000e+02 4.324191129632150299e-02
2.570000000000000000e+02 4.323432846399501844e-02
2.580000000000000000e+02 4.322169235651870944e-02
2.590000000000000000e+02 4.320607340820025594e-02
2.600000000000000000e+02 4.319306989109505251e-02
2.610000000000000000e+02 4.318502314142611681e-02
2.620000000000000000e+02 4.317547711111933972e-02
2.630000000000000000e+02 4.317417874935652877e-02
2.640000000000000000e+02 4.317094885185315117e-02
2.650000000000000000e+02 4.316473757477075346e-02
2.660000000000000000e+02 4.316302533114612511e-02
2.670000000000000000e+02 4.316080124002346502e-02
2.680000000000000000e+02 4.315475343633391053e-02
2.690000000000000000e+02 4.314861677418838082e-02
2.700000000000000000e+02 4.314503550691314859e-02
2.710000000000000000e+02 4.314153804931859099e-02
2.720000000000000000e+02 4.314019433945044668e-02
2.730000000000000000e+02 4.313959473939913553e-02
2.740000000000000000e+02 4.313829932078018514e-02
2.750000000000000000e+02 4.313663369773618889e-02
2.760000000000000000e+02 4.313335847579476134e-02
2.770000000000000000e+02 4.312899233237685315e-02
2.780000000000000000e+02 4.312181094502598455e-02
2.790000000000000000e+02 4.311662898808629740e-02
2.800000000000000000e+02 4.311412536325792688e-02
2.810000000000000000e+02 4.311290340036088437e-02
2.820000000000000000e+02 4.311102678054375137e-02
2.830000000000000000e+02 4.310950769391586057e-02
2.840000000000000000e+02 4.310808230960867793e-02
2.850000000000000000e+02 4.310566244412285947e-02
2.860000000000000000e+02 4.310213056032136114e-02
2.870000000000000000e+02 4.309663689780458828e-02
2.880000000000000000e+02 4.309178707691523058e-02
2.890000000000000000e+02 4.308726417047177570e-02
2.900000000000000000e+02 4.307900267619142048e-02
2.910000000000000000e+02 4.307811822339273344e-02
2.920000000000000000e+02 4.307747348783742131e-02
2.930000000000000000e+02 4.307649722801266262e-02
2.940000000000000000e+02 4.307534431679136550e-02
2.950000000000000000e+02 4.307250552819941875e-02
2.960000000000000000e+02 4.306917091553554705e-02
2.970000000000000000e+02 4.306508361747589386e-02
2.980000000000000000e+02 4.305889669975735551e-02
2.990000000000000000e+02 4.305428700057329500e-02
3.000000000000000000e+02 4.305141219499290794e-02
3.010000000000000000e+02 4.305064483281543369e-02
3.020000000000000000e+02 4.305032218567177160e-02
3.030000000000000000e+02 4.304990721762504136e-02
3.040000000000000000e+02 4.304961531181894507e-02
3.050000000000000000e+02 4.304931445668736673e-02
3.060000000000000000e+02 4.304854397753345857e-02
3.070000000000000000e+02 4.304707342866318648e-02
3.080000000000000000e+02 4.304645246092401317e-02
3.090000000000000000e+02 4.304478581176614943e-02
3.100000000000000000e+02 4.304367156810887107e-02
3.110000000000000000e+02 4.304309100211559103e-02
3.120000000000000000e+02 4.304253969123553181e-02
3.130000000000000000e+02 4.304180067103866719e-02
3.140000000000000000e+02 4.304032647820847657e-02
3.150000000000000000e+02 4.303971599525426711e-02
3.160000000000000000e+02 4.303917617110176314e-02
3.170000000000000000e+02 4.303901111497309556e-02
3.180000000000000000e+02 4.303880380684774881e-02
3.190000000000000000e+02 4.303836182145803768e-02
3.200000000000000000e+02 4.303731680708632740e-02
3.210000000000000000e+02 4.303498811986455203e-02
3.220000000000000000e+02 4.303018644087083094e-02
3.230000000000000000e+02 4.302359350651158154e-02
3.240000000000000000e+02 4.301724029152663442e-02
3.250000000000000000e+02 4.301114704502136815e-02
3.260000000000000000e+02 4.300825864086205846e-02
3.270000000000000000e+02 4.300766921433789303e-02
3.280000000000000000e+02 4.300670944717557148e-02
3.290000000000000000e+02 4.300650113158398236e-02
3.300000000000000000e+02 4.300585100889880996e-02
3.310000000000000000e+02 4.300524034274051666e-02
3.320000000000000000e+02 4.300431295607240467e-02
3.330000000000000000e+02 4.300371137214258760e-02
3.340000000000000000e+02 4.300315781850221064e-02
3.350000000000000000e+02 4.300290586592973863e-02
3.360000000000000000e+02 4.300243201659019465e-02
3.370000000000000000e+02 4.300158969031359080e-02
3.380000000000000000e+02 4.300004097818323906e-02
3.390000000000000000e+02 4.299810194029762139e-02
3.400000000000000000e+02 4.299626119319454459e-02
3.410000000000000000e+02 4.299508080099925106e-02
3.420000000000000000e+02 4.299364341780662069e-02
3.430000000000000000e+02 4.299275915103021456e-02
3.440000000000000000e+02 4.299134931349556793e-02
3.450000000000000000e+02 4.298983708588833413e-02
3.460000000000000000e+02 4.298749432541328769e-02
3.470000000000000000e+02 4.298570716537627318e-02
3.480000000000000000e+02 4.298309636734427841e-02
3.490000000000000000e+02 4.297980732872193343e-02
3.500000000000000000e+02 4.297721515753435972e-02
3.510000000000000000e+02 4.297514343562800626e-02
3.520000000000000000e+02 4.297492117078875740e-02
3.530000000000000000e+02 4.297466862292451811e-02
3.540000000000000000e+02 4.297437235665225314e-02
3.550000000000000000e+02 4.297391969276207618e-02
3.560000000000000000e+02 4.297287084001132768e-02
3.570000000000000000e+02 4.297103959838486503e-02
3.580000000000000000e+02 4.296917695653600100e-02
3.590000000000000000e+02 4.296773578471179550e-02
3.600000000000000000e+02 4.296706475786928742e-02
3.610000000000000000e+02 4.296681828427181826e-02
3.620000000000000000e+02 4.296664565329967600e-02
3.630000000000000000e+02 4.296591385005269631e-02
3.640000000000000000e+02 4.296497769540209150e-02
3.650000000000000000e+02 4.296467734394654459e-02
3.660000000000000000e+02 4.296331682714266131e-02
3.670000000000000000e+02 4.296197656897451228e-02
3.680000000000000000e+02 4.296066002375201198e-02
3.690000000000000000e+02 4.295962749923504936e-02
3.700000000000000000e+02 4.295893701082795918e-02
3.710000000000000000e+02 4.295823848498164788e-02
3.720000000000000000e+02 4.295780077544258946e-02
3.730000000000000000e+02 4.295763184436689197e-02
3.740000000000000000e+02 4.295741663655904680e-02
3.750000000000000000e+02 4.295713621716405750e-02
3.760000000000000000e+02 4.295669641144800321e-02
3.770000000000000000e+02 4.295607707161918504e-02
3.780000000000000000e+02 4.295519092486865115e-02
3.790000000000000000e+02 4.295385098931513851e-02
3.800000000000000000e+02 4.295220064460506665e-02
3.810000000000000000e+02 4.295170203309841422e-02
3.820000000000000000e+02 4.295123238179583691e-02
3.830000000000000000e+02 4.295115295508080550e-02
3.840000000000000000e+02 4.295098704716380361e-02
3.850000000000000000e+02 4.295085953600443623e-02
3.860000000000000000e+02 4.295060159734327698e-02
3.870000000000000000e+02 4.294960141193730763e-02
3.880000000000000000e+02 4.294855800124247613e-02
3.890000000000000000e+02 4.294805283855034767e-02
3.900000000000000000e+02 4.294630580365511874e-02
3.910000000000000000e+02 4.294548863653653570e-02
3.920000000000000000e+02 4.294477874836785669e-02
3.930000000000000000e+02 4.294415327181615172e-02
3.940000000000000000e+02 4.294350906995437339e-02
3.950000000000000000e+02 4.294327863138651391e-02
3.960000000000000000e+02 4.294307532483492007e-02
3.970000000000000000e+02 4.294291911918917543e-02
3.980000000000000000e+02 4.294282211441868141e-02
3.990000000000000000e+02 4.294253048191116334e-02
4.000000000000000000e+02 4.294225495380198793e-02
4.010000000000000000e+02 4.294206649550485339e-02
4.020000000000000000e+02 4.294194115320792982e-02
4.030000000000000000e+02 4.294188203215142802e-02
4.040000000000000000e+02 4.294184227714389901e-02
4.050000000000000000e+02 4.294169899127127377e-02
4.060000000000000000e+02 4.294165162354855042e-02
4.070000000000000000e+02 4.294152905405072135e-02
4.080000000000000000e+02 4.294141199909484036e-02
4.090000000000000000e+02 4.294119552867198264e-02
4.100000000000000000e+02 4.294095852452942119e-02
4.110000000000000000e+02 4.294069371674882202e-02
4.120000000000000000e+02 4.294044444278413003e-02
4.130000000000000000e+02 4.294024740509038568e-02
4.140000000000000000e+02 4.294011684797940931e-02
4.150000000000000000e+02 4.294002962302590626e-02
4.160000000000000000e+02 4.293992622343532212e-02
4.170000000000000000e+02 4.293988932185068691e-02
4.180000000000000000e+02 4.293973666618655649e-02
4.190000000000000000e+02 4.293945259710794937e-02
4.200000000000000000e+02 4.293905091480049868e-02
4.210000000000000000e+02 4.293853129585639694e-02
4.220000000000000000e+02 4.293802957003643728e-02
4.230000000000000000e+02 4.293784288032833490e-02
4.240000000000000000e+02 4.293758860098719626e-02
4.250000000000000000e+02 4.293746669123554155e-02
4.260000000000000000e+02 4.293733904836347787e-02
4.270000000000000000e+02 4.293720737514324093e-02
4.280000000000000000e+02 4.293693823267369369e-02
4.290000000000000000e+02 4.293686612051032109e-02
4.300000000000000000e+02 4.293652954833015317e-02
4.310000000000000000e+02 4.293627036621563281e-02
4.320000000000000000e+02 4.293582402622750371e-02
4.330000000000000000e+02 4.293550815309237628e-02
4.340000000000000000e+02 4.293496591990052930e-02
4.350000000000000000e+02 4.293416912348705511e-02
4.360000000000000000e+02 4.293393185668794437e-02
4.370000000000000000e+02 4.293290918107098286e-02
4.380000000000000000e+02 4.293231398056361614e-02
4.390000000000000000e+02 4.293189322715807582e-02
4.400000000000000000e+02 4.293147322355161249e-02
4.410000000000000000e+02 4.293115448594377742e-02
4.420000000000000000e+02 4.293079033816336182e-02
4.430000000000000000e+02 4.293001948738819212e-02
4.440000000000000000e+02 4.292852413343392626e-02
4.450000000000000000e+02 4.292623811983625748e-02
4.460000000000000000e+02 4.292459433184011436e-02
4.470000000000000000e+02 4.292348011887017062e-02
4.480000000000000000e+02 4.292315595997328592e-02
4.490000000000000000e+02 4.292293900798169193e-02
4.500000000000000000e+02 4.292245350696392847e-02
4.510000000000000000e+02 4.292128153506147292e-02
4.520000000000000000e+02 4.292057181497665325e-02
4.530000000000000000e+02 4.291947177399366847e-02
4.540000000000000000e+02 4.291929542818226362e-02
4.550000000000000000e+02 4.291904519159128045e-02
4.560000000000000000e+02 4.291849995566976439e-02
4.570000000000000000e+02 4.291733110106443067e-02
4.580000000000000000e+02 4.291496638627116667e-02
4.590000000000000000e+02 4.291151725303254255e-02
4.600000000000000000e+02 4.291141201734829241e-02
4.610000000000000000e+02 4.290819035852764390e-02
4.620000000000000000e+02 4.290648263428942927e-02
4.630000000000000000e+02 4.290591486239030139e-02
4.640000000000000000e+02 4.290557823443088420e-02
4.650000000000000000e+02 4.290503202899859092e-02
4.660000000000000000e+02 4.290462232761058786e-02
4.670000000000000000e+02 4.290385275387038899e-02
4.680000000000000000e+02 4.290348492253419355e-02
4.690000000000000000e+02 4.290299022044921640e-02
4.700000000000000000e+02 4.290266046738870631e-02
4.710000000000000000e+02 4.290220571327350157e-02
4.720000000000000000e+02 4.290154593756646817e-02
4.730000000000000000e+02 4.290015335035257671e-02
4.740000000000000000e+02 4.289845622762656491e-02
4.750000000000000000e+02 4.289728962427874492e-02
4.760000000000000000e+02 4.289660094050511824e-02
4.770000000000000000e+02 4.289631084423299601e-02
4.780000000000000000e+02 4.289612375711476799e-02
4.790000000000000000e+02 4.289583757189984609e-02
4.800000000000000000e+02 4.289543221224514230e-02
4.810000000000000000e+02 4.289455010652837297e-02
4.820000000000000000e+02 4.289273117808469621e-02
4.830000000000000000e+02 4.288970694545349988e-02
4.840000000000000000e+02 4.288833920100318386e-02
4.850000000000000000e+02 4.288643258178585771e-02
4.860000000000000000e+02 4.288496334225125328e-02
4.870000000000000000e+02 4.288446994797505407e-02
4.880000000000000000e+02 4.288370900761709348e-02
4.890000000000000000e+02 4.288212967132540299e-02
4.900000000000000000e+02 4.288072885746504331e-02
4.910000000000000000e+02 4.287954880742250729e-02
4.920000000000000000e+02 4.287902054520408707e-02
4.930000000000000000e+02 4.287852158375692058e-02
