1.000000000000000000e+00 4.463849278088356520e-01
2.000000000000000000e+00 2.627038638342684695e-01
3.000000000000000000e+00 2.607661633796510836e-01
4.000000000000000000e+00 2.591096417752165038e-01
5.000000000000000000e+00 2.519092883300990682e-01
6.000000000000000000e+00 2.467791274522246892e-01
7.000000000000000000e+00 2.413664683716867654e-01
8.000000000000000000e+00 2.393476712770331583e-01
9.000000000000000000e+00 2.392348932913041792e-01
1.000000000000000000e+01 2.388895283422420579e-01
1.100000000000000000e+01 2.388374682968361362e-01
1.200000000000000000e+01 2.386477366091681318e-01
1.300000000000000000e+01 2.385936814186791766e-01
1.400000000000000000e+01 2.385712474428609564e-01
1.500000000000000000e+01 2.385493180809512004e-01
1.600000000000000000e+01 2.384825270955614196e-01
1.700000000000000000e+01 2.383256351458310773e-01
1.800000000000000000e+01 2.382757700234749143e-01
1.900000000000000000e+01 2.382443137588604321e-01
2.000000000000000000e+01 2.382061569622093700e-01
2.100000000000000000e+01 2.381644021411711831e-01
2.200000000000000000e+01 2.381455274053288496e-01
2.300000000000000000e+01 2.381059953839620991e-01
2.400000000000000000e+01 2.380725113280809380e-01
2.500000000000000000e+01 2.380588885189910131e-01
2.600000000000000000e+01 2.380530767171414597e-01
2.700000000000000000e+01 2.380512239730261936e-01
2.800000000000000000e+01 2.380442522466194033e-01
2.900000000000000000e+01 2.380299607946225471e-01
3.000000000000000000e+01 2.380247266610681922e-01
3.100000000000000000e+01 2.380092374658209775e-01
3.200000000000000000e+01 2.379852501901497108e-01
3.300000000000000000e+01 2.379536535512858375e-01
3.400000000000000000e+01 2.379466175174817233e-01
3.500000000000000000e+01 2.379393216590706683e-01
3.600000000000000000e+01 2.379261023331784020e-01
3.700000000000000000e+01 2.379203071289844873e-01
3.800000000000000000e+01 2.379163737035813464e-01
3.900000000000000000e+01 2.379136068034971574e-01
4.000000000000000000e+01 2.379114470105613277e-01
4.100000000000000000e+01 2.379107445293261180e-01
4.200000000000000000e+01 2.379104303240046903e-01
4.300000000000000000e+01 2.379099386437908692e-01
4.400000000000000000e+01 2.379096273142473350e-01
4.500000000000000000e+01 2.379090792870272864e-01
4.600000000000000000e+01 2.379078659129866546e-01
4.700000000000000000e+01 2.379068531806761977e-01
4.800000000000000000e+01 2.379036467728564697e-01
4.900000000000000000e+01 2.378988891329073541e-01
5.000000000000000000e+01 2.378891275406910810e-01
5.100000000000000000e+01 2.378683078511487359e-01
5.200000000000000000e+01 2.378468667703705075e-01
5.300000000000000000e+01 2.378164776726791330e-01
5.400000000000000000e+01 2.377808236725543756e-01
5.500000000000000000e+01 2.377714697467069316e-01
5.600000000000000000e+01 2.377426378545450525e-01
5.700000000000000000e+01 2.376973889987429311e-01
5.800000000000000000e+01 2.376698878719276098e-01
5.900000000000000000e+01 2.375828742838886898e-01
6.000000000000000000e+01 2.375306204382846842e-01
6.100000000000000000e+01 2.374984851433462607e-01
6.200000000000000000e+01 2.374384023788954634e-01
6.300000000000000000e+01 2.373721875970025430e-01
6.400000000000000000e+01 2.371850769348083088e-01
6.500000000000000000e+01 2.370571828692353833e-01
6.600000000000000000e+01 2.370013745847123487e-01
6.700000000000000000e+01 2.369640248486216128e-01
6.800000000000000000e+01 2.369395044878584156e-01
6.900000000000000000e+01 2.369097572501894511e-01
7.000000000000000000e+01 2.368587607345268853e-01
7.100000000000000000e+01 2.368498042794433267e-01
7.200000000000000000e+01 2.368215822038821083e-01
7.300000000000000000e+01 2.367463846349386059e-01
7.400000000000000000e+01 2.367161399106848529e-01
7.500000000000000000e+01 2.367138601679815157e-01
7.600000000000000000e+01 2.367101159601626148e-01
7.700000000000000000e+01 2.367099520674611213e-01
7.800000000000000000e+01 2.367097678224413249e-01
7.900000000000000000e+01 2.367094922738630647e-01
8.000000000000000000e+01 2.367077971908091438e-01
8.100000000000000000e+01 2.367052315124138218e-01
8.200000000000000000e+01 2.366993327055962604e-01
8.300000000000000000e+01 2.366695305978331054e-01
8.400000000000000000e+01 2.366426407136048848e-01
8.500000000000000000e+01 2.365802148951511863e-01
8.600000000000000000e+01 2.365643288680338574e-01
8.700000000000000000e+01 2.364945338591586121e-01
8.800000000000000000e+01 2.364875370595304893e-01
8.900000000000000000e+01 2.364396177355391482e-01
9.000000000000000000e+01 2.364229997881840684e-01
9.100000000000000000e+01 2.364068616556235791e-01
9.200000000000000000e+01 2.364013567583958808e-01
9.300000000000000000e+01 2.363976579205450124e-01
9.400000000000000000e+01 2.363966237474253440e-01
9.500000000000000000e+01 2.363959843929312743e-01
9.600000000000000000e+01 2.363948201818717454e-01
9.700000000000000000e+01 2.363936551594275626e-01
9.800000000000000000e+01 2.363910808932905006e-01
9.900000000000000000e+01 2.363867977269399068e-01
1.000000000000000000e+02 2.363745334848456059e-01
1.010000000000000000e+02 2.363573240245512019e-01
1.020000000000000000e+02 2.363270330301061040e-01
1.030000000000000000e+02 2.363071312255053957e-01
1.040000000000000000e+02 2.362522727410714396e-01
1.050000000000000000e+02 2.362107084184775774e-01
1.060000000000000000e+02 2.361937996061107270e-01
1.070000000000000000e+02 2.361452621720057377e-01
1.080000000000000000e+02 2.361369645293258934e-01
1.090000000000000000e+02 2.361170079406494926e-01
1.100000000000000000e+02 2.361037573042311655e-01
1.110000000000000000e+02 2.360915693955850936e-01
1.120000000000000000e+02 2.360770446456156024e-01
1.130000000000000000e+02 2.360651411790840593e-01
1.140000000000000000e+02 2.360574839018238502e-01
1.150000000000000000e+02 2.360482298531818568e-01
1.160000000000000000e+02 2.360467210050052889e-01
1.170000000000000000e+02 2.360415249541335247e-01
1.180000000000000000e+02 2.360374852891793940e-01
1.190000000000000000e+02 2.360316138992598622e-01
1.200000000000000000e+02 2.360180780954444779e-01
1.210000000000000000e+02 2.360084743535260099e-01
1.220000000000000000e+02 2.360057226040920830e-01
1.230000000000000000e+02 2.359958164176502449e-01
1.240000000000000000e+02 2.359898547511180000e-01
1.250000000000000000e+02 2.359842002551381657e-01
1.260000000000000000e+02 2.359805833805177222e-01
1.270000000000000000e+02 2.359760281125305725e-01
1.280000000000000000e+02 2.359698025965588919e-01
1.290000000000000000e+02 2.359687549481663538e-01
1.300000000000000000e+02 2.359683679417928226e-01
1.310000000000000000e+02 2.359679993743899196e-01
1.320000000000000000e+02 2.359676214677369488e-01
1.330000000000000000e+02 2.359669228250513562e-01
1.340000000000000000e+02 2.359662789156438123e-01
1.350000000000000000e+02 2.359657505552945622e-01
1.360000000000000000e+02 2.359643591662110851e-01
1.370000000000000000e+02 2.359617005082556562e-01
1.380000000000000000e+02 2.359575912066520786e-01
1.390000000000000000e+02 2.359532765481812122e-01
1.400000000000000000e+02 2.359519091795433954e-01
1.410000000000000000e+02 2.359503929019538537e-01
1.420000000000000000e+02 2.359496493470491507e-01
1.430000000000000000e+02 2.359493851474377402e-01
1.440000000000000000e+02 2.359483274900486538e-01
1.450000000000000000e+02 2.359478990818471567e-01
1.460000000000000000e+02 2.359470377466418578e-01
1.470000000000000000e+02 2.359466260546156380e-01
1.480000000000000000e+02 2.359461669453088717e-01
1.490000000000000000e+02 2.359458398890403319e-01
1.500000000000000000e+02 2.359453048418894971e-01
1.510000000000000000e+02 2.359451133941518897e-01
1.520000000000000000e+02 2.359450538621378490e-01
1.530000000000000000e+02 2.359449853881504522e-01
1.540000000000000000e+02 2.359449418472925331e-01
1.550000000000000000e+02 2.359448609861950208e-01
1.560000000000000000e+02 2.359446915404196932e-01
1.570000000000000000e+02 2.359444695819291060e-01
1.580000000000000000e+02 2.359443561054810623e-01
1.590000000000000000e+02 2.359442718000694106e-01
1.600000000000000000e+02 2.359442024672186999e-01
1.610000000000000000e+02 2.359440440989968579e-01
1.620000000000000000e+02 2.359439819072349509e-01
1.630000000000000000e+02 2.359438197096901668e-01
1.640000000000000000e+02 2.359437397950289172e-01
1.650000000000000000e+02 2.359435020303495001e-01
1.660000000000000000e+02 2.359433771188845230e-01
1.670000000000000000e+02 2.359432003659304167e-01
1.680000000000000000e+02 2.359431075509175191e-01
1.690000000000000000e+02 2.359430739989860637e-01
1.700000000000000000e+02 2.359430403143134847e-01
1.710000000000000000e+02 2.359429960738990972e-01
1.720000000000000000e+02 2.359428692328481847e-01
1.730000000000000000e+02 2.359426430075367564e-01
1.740000000000000000e+02 2.359423472920159082e-01
1.750000000000000000e+02 2.359420386988693163e-01
1.760000000000000000e+02 2.359415814963313762e-01
1.770000000000000000e+02 2.359409237463056530e-01
1.780000000000000000e+02 2.359403188259252826e-01
1.790000000000000000e+02 2.359402053474998207e-01
1.800000000000000000e+02 2.359396875019951212e-01
1.810000000000000000e+02 2.359393835155685348e-01
1.820000000000000000e+02 2.359392237954187344e-01
1.830000000000000000e+02 2.359390016552433411e-01
1.840000000000000000e+02 2.359385739617918254e-01
1.850000000000000000e+02 2.359379274445713159e-01
1.860000000000000000e+02 2.359369175003363794e-01
1.870000000000000000e+02 2.359352907741677774e-01
1.880000000000000000e+02 2.359330798284653974e-01
1.890000000000000000e+02 2.359310278631929492e-01
1.900000000000000000e+02 2.359287626255556214e-01
1.910000000000000000e+02 2.359262894024465040e-01
1.920000000000000000e+02 2.359238557407638548e-01
1.930000000000000000e+02 2.359221211204129143e-01
1.940000000000000000e+02 2.359215986155182299e-01
1.950000000000000000e+02 2.359212665146978583e-01
1.960000000000000000e+02 2.359193077029435037e-01
1.970000000000000000e+02 2.359184506190784292e-01
1.980000000000000000e+02 2.359158721586065155e-01
1.990000000000000000e+02 2.359131817926746200e-01
2.000000000000000000e+02 2.359114993833497653e-01
2.010000000000000000e+02 2.359110311834258511e-01
2.020000000000000000e+02 2.359101799361504603e-01
2.030000000000000000e+02 2.359094571820532227e-01
2.040000000000000000e+02 2.359081616833941519e-01
2.050000000000000000e+02 2.359065088700437185e-01
2.060000000000000000e+02 2.359043977597524711e-01
2.070000000000000000e+02 2.358987492872165193e-01
2.080000000000000000e+02 2.358929846251044959e-01
2.090000000000000000e+02 2.358807935179998427e-01
2.100000000000000000e+02 2.358762407068554501e-01
2.110000000000000000e+02 2.358744932854794640e-01
2.120000000000000000e+02 2.358719724079288982e-01
2.130000000000000000e+02 2.358707773199677504e-01
2.140000000000000000e+02 2.358671996531685189e-01
2.150000000000000000e+02 2.358635975147835573e-01
2.160000000000000000e+02 2.358598350206148331e-01
2.170000000000000000e+02 2.358571547328182361e-01
2.180000000000000000e+02 2.358500343807731492e-01
2.190000000000000000e+02 2.358393393326735088e-01
2.200000000000000000e+02 2.358290911424317238e-01
2.210000000000000000e+02 2.358234450685870731e-01
2.220000000000000000e+02 2.358124909579682460e-01
2.230000000000000000e+02 2.357933191633919956e-01
2.240000000000000000e+02 2.357844459700457751e-01
2.250000000000000000e+02 2.357645133710891960e-01
2.260000000000000000e+02 2.357487744072507829e-01
2.270000000000000000e+02 2.357338332601569553e-01
2.280000000000000000e+02 2.357197000857573499e-01
2.290000000000000000e+02 2.357017318642538328e-01
2.300000000000000000e+02 2.356944755050513485e-01
2.310000000000000000e+02 2.356722365708055489e-01
2.320000000000000000e+02 2.356539180777593168e-01
2.330000000000000000e+02 2.356438572480605009e-01
2.340000000000000000e+02 2.356316149640424462e-01
2.350000000000000000e+02 2.356164933906099435e-01
2.360000000000000000e+02 2.355960144621904173e-01
2.370000000000000000e+02 2.355628819629959347e-01
2.380000000000000000e+02 2.355508602674519503e-01
2.390000000000000000e+02 2.355460136786105829e-01
2.400000000000000000e+02 2.355417606586408530e-01
2.410000000000000000e+02 2.355343112500751235e-01
2.420000000000000000e+02 2.355150080100122112e-01
2.430000000000000000e+02 2.354868178704308812e-01
2.440000000000000000e+02 2.354469438591408892e-01
2.450000000000000000e+02 2.354132347762075139e-01
2.460000000000000000e+02 2.353916600704382966e-01
2.470000000000000000e+02 2.353818956491617320e-01
2.480000000000000000e+02 2.353729238287882719e-01
2.490000000000000000e+02 2.353618013718814239e-01
2.500000000000000000e+02 2.353382702786001590e-01
2.510000000000000000e+02 2.352674165094094105e-01
2.520000000000000000e+02 2.351600265613755791e-01
2.530000000000000000e+02 2.350417913336688980e-01
2.540000000000000000e+02 2.347587063445845112e-01
2.550000000000000000e+02 2.263777408360682086e-01
2.560000000000000000e+02 2.260928046737541441e-01
2.570000000000000000e+02 2.258881113410779184e-01
2.580000000000000000e+02 2.234714447395443615e-01
2.590000000000000000e+02 2.220769725375771886e-01
2.600000000000000000e+02 2.196981771681371931e-01
2.610000000000000000e+02 2.187558414989178301e-01
2.620000000000000000e+02 2.186521755803904898e-01
2.630000000000000000e+02 2.185483490927516981e-01
2.640000000000000000e+02 2.183258906360989737e-01
2.650000000000000000e+02 2.183108168380542280e-01
2.660000000000000000e+02 2.182997597017115599e-01
2.670000000000000000e+02 2.182242909083918214e-01
2.680000000000000000e+02 2.181069277644969162e-01
2.690000000000000000e+02 2.178995291780904675e-01
2.700000000000000000e+02 2.177147486450259628e-01
2.710000000000000000e+02 2.175325381633171073e-01
2.720000000000000000e+02 2.173268046691940458e-01
2.730000000000000000e+02 2.171690916357085777e-01
2.740000000000000000e+02 2.169273559437907284e-01
2.750000000000000000e+02 2.165971383080293466e-01
2.760000000000000000e+02 2.164028690692385015e-01
2.770000000000000000e+02 2.163470779739049832e-01
2.780000000000000000e+02 2.160386506786217964e-01
2.790000000000000000e+02 2.159626742008499967e-01
2.800000000000000000e+02 2.159525096816187761e-01
2.810000000000000000e+02 2.159340984047837253e-01
2.820000000000000000e+02 2.158891463138048750e-01
2.830000000000000000e+02 2.158705896787051770e-01
2.840000000000000000e+02 2.158540358785598079e-01
2.850000000000000000e+02 2.158439700237523018e-01
2.860000000000000000e+02 2.158254613909286190e-01
2.870000000000000000e+02 2.157896500866009759e-01
2.880000000000000000e+02 2.157184174742736715e-01
2.890000000000000000e+02 2.155636015640785275e-01
2.900000000000000000e+02 2.153149813638488008e-01
2.910000000000000000e+02 2.151274132690972618e-01
2.920000000000000000e+02 2.151004206992356005e-01
2.930000000000000000e+02 2.150826615251348606e-01
2.940000000000000000e+02 2.150788447467949227e-01
2.950000000000000000e+02 2.150746119830327652e-01
2.960000000000000000e+02 2.150663504279891891e-01
2.970000000000000000e+02 2.150590537240013589e-01
2.980000000000000000e+02 2.150460947772659948e-01
2.990000000000000000e+02 2.150278579628545073e-01
3.000000000000000000e+02 2.149919708147643160e-01
3.010000000000000000e+02 2.149502708347232338e-01
3.020000000000000000e+02 2.148867279012057763e-01
3.030000000000000000e+02 2.148738300981163085e-01
3.040000000000000000e+02 2.148319433525201494e-01
3.050000000000000000e+02 2.148067931062017932e-01
3.060000000000000000e+02 2.147888795778590820e-01
3.070000000000000000e+02 2.147815516382645395e-01
3.080000000000000000e+02 2.147754579858048296e-01
3.090000000000000000e+02 2.147650018160362217e-01
3.100000000000000000e+02 2.147567167583754877e-01
3.110000000000000000e+02 2.147514679276355531e-01
3.120000000000000000e+02 2.147507442906747832e-01
3.130000000000000000e+02 2.147502396690885718e-01
3.140000000000000000e+02 2.147497456905222424e-01
3.150000000000000000e+02 2.147484848645853095e-01
3.160000000000000000e+02 2.147470193253300241e-01
3.170000000000000000e+02 2.147462005030302268e-01
3.180000000000000000e+02 2.147440577108306325e-01
3.190000000000000000e+02 2.147435080611221903e-01
3.200000000000000000e+02 2.147429763739858999e-01
3.210000000000000000e+02 2.147426445185093569e-01
3.220000000000000000e+02 2.147422612753437932e-01
3.230000000000000000e+02 2.147395773759993853e-01
3.240000000000000000e+02 2.147384846537685743e-01
3.250000000000000000e+02 2.147372334143468064e-01
3.260000000000000000e+02 2.147358665159043167e-01
3.270000000000000000e+02 2.147301390264608756e-01
3.280000000000000000e+02 2.147205439015150708e-01
3.290000000000000000e+02 2.147020282099138255e-01
3.300000000000000000e+02 2.146815997980485724e-01
3.310000000000000000e+02 2.146501787324537613e-01
3.320000000000000000e+02 2.146366381262939660e-01
3.330000000000000000e+02 2.146142917980956577e-01
3.340000000000000000e+02 2.146089913853715947e-01
3.350000000000000000e+02 2.146048793670119192e-01
3.360000000000000000e+02 2.145992226075557896e-01
3.370000000000000000e+02 2.145885120816411196e-01
3.380000000000000000e+02 2.145739998459764430e-01
3.390000000000000000e+02 2.145608799238361841e-01
3.400000000000000000e+02 2.145284688451789268e-01
3.410000000000000000e+02 2.145204642364478553e-01
3.420000000000000000e+02 2.144714964429751125e-01
3.430000000000000000e+02 2.144518861759591721e-01
3.440000000000000000e+02 2.144494163858723379e-01
3.450000000000000000e+02 2.144459382783982515e-01
3.460000000000000000e+02 2.144245598117234808e-01
3.470000000000000000e+02 2.143298504377476321e-01
3.480000000000000000e+02 2.142407703085416892e-01
3.490000000000000000e+02 2.142123218682775165e-01
3.500000000000000000e+02 2.141611640220357771e-01
3.510000000000000000e+02 2.141373482506411519e-01
3.520000000000000000e+02 2.141242508395233834e-01
3.530000000000000000e+02 2.141036419741370045e-01
3.540000000000000000e+02 2.140877221586245660e-01
3.550000000000000000e+02 2.140580193790814767e-01
3.560000000000000000e+02 2.140384433558314703e-01
3.570000000000000000e+02 2.140224782540691428e-01
3.580000000000000000e+02 2.140150748096202038e-01
3.590000000000000000e+02 2.140069960534910776e-01
3.600000000000000000e+02 2.140005477263051126e-01
3.610000000000000000e+02 2.139911865588452755e-01
3.620000000000000000e+02 2.139797020479999590e-01
3.630000000000000000e+02 2.139727835539451672e-01
3.640000000000000000e+02 2.139568290985362498e-01
3.650000000000000000e+02 2.139429348914850537e-01
3.660000000000000000e+02 2.139035116820885984e-01
3.670000000000000000e+02 2.138608500050294958e-01
3.680000000000000000e+02 2.138475571560784494e-01
3.690000000000000000e+02 2.138095825256373650e-01
3.700000000000000000e+02 2.137929054147226227e-01
3.710000000000000000e+02 2.137854154735326917e-01
3.720000000000000000e+02 2.137746467852408572e-01
3.730000000000000000e+02 2.137696411572235500e-01
3.740000000000000000e+02 2.137464172113230365e-01
3.750000000000000000e+02 2.137289348619229590e-01
3.760000000000000000e+02 2.137160752615428483e-01
3.770000000000000000e+02 2.137012589841074117e-01
3.780000000000000000e+02 2.136756507685382833e-01
3.790000000000000000e+02 2.136518437405162951e-01
3.800000000000000000e+02 2.136417927305720721e-01
3.810000000000000000e+02 2.136346951616395762e-01
3.820000000000000000e+02 2.136332181233306926e-01
3.830000000000000000e+02 2.136317364638276317e-01
3.840000000000000000e+02 2.136281554074609679e-01
3.850000000000000000e+02 2.136222640957654018e-01
3.860000000000000000e+02 2.136202477768229802e-01
3.870000000000000000e+02 2.136175675950612307e-01
3.880000000000000000e+02 2.136130900170921942e-01
3.890000000000000000e+02 2.136121569487871574e-01
3.900000000000000000e+02 2.136107481870418157e-01
3.910000000000000000e+02 2.136106040374208259e-01
3.920000000000000000e+02 2.136103122487720551e-01
3.930000000000000000e+02 2.136078448661378748e-01
3.940000000000000000e+02 2.136055909809662645e-01
3.950000000000000000e+02 2.136044530437270217e-01
3.960000000000000000e+02 2.136016602012140442e-01
3.970000000000000000e+02 2.135997200735623158e-01
3.980000000000000000e+02 2.135991085170416137e-01
3.990000000000000000e+02 2.135990104100892462e-01
4.000000000000000000e+02 2.135987945803111965e-01
4.010000000000000000e+02 2.135981770291602577e-01
4.020000000000000000e+02 2.135974431958721220e-01
4.030000000000000000e+02 2.135972648687383679e-01
4.040000000000000000e+02 2.135972534158476210e-01
4.050000000000000000e+02 2.135972275762044736e-01
4.060000000000000000e+02 2.135972145840400738e-01
4.070000000000000000e+02 2.135972010211036609e-01
4.080000000000000000e+02 2.135971851388538956e-01
4.090000000000000000e+02 2.135971472364842361e-01
4.100000000000000000e+02 2.135970300212858275e-01
4.110000000000000000e+02 2.135969534677547021e-01
4.120000000000000000e+02 2.135967560253458630e-01
4.130000000000000000e+02 2.135965370736621349e-01
4.140000000000000000e+02 2.135964066382155246e-01
4.150000000000000000e+02 2.135963299224407641e-01
4.160000000000000000e+02 2.135962503737547369e-01
4.170000000000000000e+02 2.135962013902640289e-01
4.180000000000000000e+02 2.135960641798486381e-01
4.190000000000000000e+02 2.135959636878533019e-01
4.200000000000000000e+02 2.135959341717907078e-01
4.210000000000000000e+02 2.135957843605524320e-01
4.220000000000000000e+02 2.135957414598017579e-01
4.230000000000000000e+02 2.135957047143399734e-01
4.240000000000000000e+02 2.135956472344458512e-01
4.250000000000000000e+02 2.135955912766468179e-01
4.260000000000000000e+02 2.135954345489362582e-01
4.270000000000000000e+02 2.135952973596448867e-01
4.280000000000000000e+02 2.135952791338936452e-01
4.290000000000000000e+02 2.135951596762394600e-01
4.300000000000000000e+02 2.135950787136600970e-01
4.310000000000000000e+02 2.135949911787418387e-01
4.320000000000000000e+02 2.135949158011324067e-01
4.330000000000000000e+02 2.135948358295620964e-01
4.340000000000000000e+02 2.135948110308603654e-01
4.350000000000000000e+02 2.135947837650210013e-01
4.360000000000000000e+02 2.135947718862214739e-01
4.370000000000000000e+02 2.135947448032229079e-01
4.380000000000000000e+02 2.135947226251570519e-01
4.390000000000000000e+02 2.135946966105684297e-01
4.400000000000000000e+02 2.135946916610006185e-01
4.410000000000000000e+02 2.135946837864543535e-01
4.420000000000000000e+02 2.135946803951509210e-01
4.430000000000000000e+02 2.135946777681201336e-01
4.440000000000000000e+02 2.135946715152225173e-01
4.450000000000000000e+02 2.135946667931154785e-01
4.460000000000000000e+02 2.135946656594964466e-01
