1.000000000000000000e+00 1.585660887664298579e-01
2.000000000000000000e+00 1.086207800377692601e-01
3.000000000000000000e+00 5.664184611503648298e-02
4.000000000000000000e+00 4.169726127917795094e-02
5.000000000000000000e+00 3.571688117533441953e-02
6.000000000000000000e+00 3.254949107200597741e-02
7.000000000000000000e+00 2.911859065616738754e-02
8.000000000000000000e+00 2.768912289770417839e-02
9.000000000000000000e+00 2.538906304519580187e-02
1.000000000000000000e+01 2.341675046267652910e-02
1.100000000000000000e+01 2.214874472536336805e-02
1.200000000000000000e+01 2.079693767015635200e-02
1.300000000000000000e+01 1.981300462097666110e-02
1.400000000000000000e+01 1.881990081380491633e-02
1.500000000000000000e+01 1.763766035976344418e-02
1.600000000000000000e+01 1.706245881105141263e-02
1.700000000000000000e+01 1.641310340604376986e-02
1.800000000000000000e+01 1.614298085370287003e-02
1.900000000000000000e+01 1.590062493622637976e-02
2.000000000000000000e+01 1.578479620985863072e-02
2.100000000000000000e+01 1.563536898914998433e-02
2.200000000000000000e+01 1.550019612078658293e-02
2.300000000000000000e+01 1.530681168721063912e-02
2.400000000000000000e+01 1.505586916146908066e-02
2.500000000000000000e+01 1.491520206995663837e-02
2.600000000000000000e+01 1.460836614037807485e-02
2.700000000000000000e+01 1.420270551470535769e-02
2.800000000000000000e+01 1.388325799184285045e-02
2.900000000000000000e+01 1.335666771447497313e-02
3.000000000000000000e+01 1.236700752611069078e-02
3.100000000000000000e+01 1.203024358123621490e-02
3.200000000000000000e+01 1.153956379523716699e-02
3.300000000000000000e+01 1.110533897005305977e-02
3.400000000000000000e+01 1.080986625786226583e-02
3.500000000000000000e+01 1.052683732786801121e-02
3.600000000000000000e+01 1.032111489195973279e-02
3.700000000000000000e+01 1.014447793676382867e-02
3.800000000000000000e+01 9.784064279086963911e-03
3.900000000000000000e+01 9.440301274873210899e-03
4.000000000000000000e+01 9.078839937080626643e-03
4.100000000000000000e+01 8.506079312588989139e-03
4.200000000000000000e+01 8.181912085874093812e-03
4.300000000000000000e+01 7.999312109378922328e-03
4.400000000000000000e+01 7.849483724677952176e-03
4.500000000000000000e+01 7.736955051083796268e-03
4.600000000000000000e+01 7.633402248188972915e-03
4.700000000000000000e+01 7.496822669260838796e-03
4.800000000000000000e+01 7.220812118993097557e-03
4.900000000000000000e+01 7.007782637640818345e-03
5.000000000000000000e+01 6.711907446693714599e-03
5.100000000000000000e+01 6.475253638463892257e-03
5.200000000000000000e+01 6.168838456808797659e-03
5.300000000000000000e+01 5.789236984305108462e-03
5.400000000000000000e+01 5.733063738854326727e-03
5.500000000000000000e+01 5.543718178327662095e-03
5.600000000000000000e+01 5.522214615197945653e-03
5.700000000000000000e+01 5.339030056366482480e-03
5.800000000000000000e+01 5.259912240397551959e-03
5.900000000000000000e+01 5.149505287337874382e-03
6.000000000000000000e+01 5.040505867688325516e-03
6.100000000000000000e+01 4.937421607765880155e-03
6.200000000000000000e+01 4.870013442806280651e-03
6.300000000000000000e+01 4.791122763360558881e-03
6.400000000000000000e+01 4.691643600605434859e-03
6.500000000000000000e+01 4.588380224709594224e-03
6.600000000000000000e+01 4.467181711113348518e-03
6.700000000000000000e+01 4.386620931300147172e-03
6.800000000000000000e+01 4.296483535409912832e-03
6.900000000000000000e+01 4.253554321007230014e-03
7.000000000000000000e+01 4.146562400216284063e-03
7.100000000000000000e+01 4.014960077245706936e-03
7.200000000000000000e+01 3.968216845103495101e-03
7.300000000000000000e+01 3.902646838139093351e-03
7.400000000000000000e+01 3.863119259916004879e-03
7.500000000000000000e+01 3.827803880224584909e-03
7.600000000000000000e+01 3.774567168824019374e-03
7.700000000000000000e+01 3.684340945872967982e-03
7.800000000000000000e+01 3.561890742180202560e-03
7.900000000000000000e+01 3.475047800626605583e-03
8.000000000000000000e+01 3.428344186385806798e-03
8.100000000000000000e+01 3.328644168797367103e-03
8.200000000000000000e+01 3.262748001554835898e-03
8.300000000000000000e+01 3.176640944682884108e-03
8.400000000000000000e+01 3.124223149096533921e-03
8.500000000000000000e+01 3.074733518430584119e-03
8.600000000000000000e+01 3.029004905065952810e-03
8.700000000000000000e+01 2.968092780842289564e-03
8.800000000000000000e+01 2.886094252057997377e-03
8.900000000000000000e+01 2.796185498907702120e-03
9.000000000000000000e+01 2.725596701682143647e-03
9.100000000000000000e+01 2.627433986895516896e-03
9.200000000000000000e+01 2.552252130586464465e-03
9.300000000000000000e+01 2.489070051562024960e-03
9.400000000000000000e+01 2.424544133066480409e-03
9.500000000000000000e+01 2.379088325663984618e-03
9.600000000000000000e+01 2.352371057233606545e-03
9.700000000000000000e+01 2.310587106606814319e-03
9.800000000000000000e+01 2.293455237891522253e-03
9.900000000000000000e+01 2.273288878793531479e-03
1.000000000000000000e+02 2.247519227313087096e-03
1.010000000000000000e+02 2.219742256842270785e-03
1.020000000000000000e+02 2.188254614298495906e-03
1.030000000000000000e+02 2.153678747523051287e-03
1.040000000000000000e+02 2.128522295145090972e-03
1.050000000000000000e+02 2.106129385084891479e-03
1.060000000000000000e+02 2.078902700897649475e-03
1.070000000000000000e+02 2.046069714668805224e-03
1.080000000000000000e+02 2.016765172036957387e-03
1.090000000000000000e+02 1.996159447921213529e-03
1.100000000000000000e+02 1.959004217936541944e-03
1.110000000000000000e+02 1.917771047052486662e-03
1.120000000000000000e+02 1.882835771477368554e-03
1.130000000000000000e+02 1.849795747414229030e-03
1.140000000000000000e+02 1.810954800812305610e-03
1.150000000000000000e+02 1.791253824057073259e-03
1.160000000000000000e+02 1.753772986658301298e-03
1.170000000000000000e+02 1.699430382762266364e-03
1.180000000000000000e+02 1.655689477283601432e-03
1.190000000000000000e+02 1.626448647382026415e-03
1.200000000000000000e+02 1.582777058361310631e-03
1.210000000000000000e+02 1.509821054154529768e-03
1.220000000000000000e+02 1.450716623659498725e-03
1.230000000000000000e+02 1.379497204690128273e-03
1.240000000000000000e+02 1.323997462543848209e-03
1.250000000000000000e+02 1.300436266969702288e-03
1.260000000000000000e+02 1.233690591776403665e-03
1.270000000000000000e+02 1.213512211128422395e-03
1.280000000000000000e+02 1.173812203312098049e-03
1.290000000000000000e+02 1.136133278501058694e-03
1.300000000000000000e+02 1.125150547856769391e-03
1.310000000000000000e+02 1.093275103491439483e-03
1.320000000000000000e+02 1.057940269600784458e-03
1.330000000000000000e+02 1.043774412640810327e-03
1.340000000000000000e+02 1.009388901761149211e-03
1.350000000000000000e+02 9.729051693399274258e-04
1.360000000000000000e+02 9.377933163085702900e-04
1.370000000000000000e+02 9.250185926592599918e-04
1.380000000000000000e+02 9.122717930785859651e-04
1.390000000000000000e+02 9.047804150480006280e-04
1.400000000000000000e+02 8.976970177221949487e-04
1.410000000000000000e+02 8.885483059411868447e-04
1.420000000000000000e+02 8.799271078128164747e-04
1.430000000000000000e+02 8.759742179332809719e-04
1.440000000000000000e+02 8.716329081211647524e-04
1.450000000000000000e+02 8.703354990316022497e-04
1.460000000000000000e+02 8.692218675743809252e-04
1.470000000000000000e+02 8.667085522795900041e-04
1.480000000000000000e+02 8.625656806215806129e-04
1.490000000000000000e+02 8.598558915754561226e-04
1.500000000000000000e+02 8.559214015619999536e-04
1.510000000000000000e+02 8.529005879373528515e-04
1.520000000000000000e+02 8.505761519351488385e-04
1.530000000000000000e+02 8.466768051220931093e-04
1.540000000000000000e+02 8.416252139890899363e-04
1.550000000000000000e+02 8.388868442478325093e-04
1.560000000000000000e+02 8.344984015498022305e-04
1.570000000000000000e+02 8.318515784169474648e-04
1.580000000000000000e+02 8.290340978938526154e-04
1.590000000000000000e+02 8.272560652782329693e-04
1.600000000000000000e+02 8.248319516121963143e-04
1.610000000000000000e+02 8.216987392100558434e-04
1.620000000000000000e+02 8.207978104375485140e-04
1.630000000000000000e+02 8.174501602384184017e-04
1.640000000000000000e+02 8.160963059169567928e-04
1.650000000000000000e+02 8.143774757857680149e-04
1.660000000000000000e+02 8.131529948345575434e-04
1.670000000000000000e+02 8.118588205215546095e-04
1.680000000000000000e+02 8.108392590604289723e-04
1.690000000000000000e+02 8.101314632086339517e-04
1.700000000000000000e+02 8.091312862961987052e-04
1.710000000000000000e+02 8.087994791452748000e-04
1.720000000000000000e+02 8.083258127879164355e-04
1.730000000000000000e+02 8.079068058735893766e-04
1.740000000000000000e+02 8.076980872622440116e-04
1.750000000000000000e+02 8.074503422464418285e-04
1.760000000000000000e+02 8.073578930895869595e-04
1.770000000000000000e+02 8.072144726897350102e-04
1.780000000000000000e+02 8.069451583081798177e-04
1.790000000000000000e+02 8.068158512028145114e-04
1.800000000000000000e+02 8.065838190796143945e-04
1.810000000000000000e+02 8.062361699489789318e-04
1.820000000000000000e+02 8.059706375081204409e-04
1.830000000000000000e+02 8.059245337616916015e-04
1.840000000000000000e+02 8.055239620538756293e-04
1.850000000000000000e+02 8.054059511354707624e-04
1.860000000000000000e+02 8.052347814604420874e-04
1.870000000000000000e+02 8.050842761740764110e-04
1.880000000000000000e+02 8.049773227537721822e-04
1.890000000000000000e+02 8.047751191053183597e-04
1.900000000000000000e+02 8.047339989175816485e-04
1.910000000000000000e+02 8.046950809572756252e-04
1.920000000000000000e+02 8.046428082132505008e-04
1.930000000000000000e+02 8.046138903983634681e-04
1.940000000000000000e+02 8.045925275193123276e-04
1.950000000000000000e+02 8.045703071032187263e-04
1.960000000000000000e+02 8.045505663789595877e-04
1.970000000000000000e+02 8.045339040525937083e-04
1.980000000000000000e+02 8.045001800343879904e-04
1.990000000000000000e+02 8.044867751685884794e-04
2.000000000000000000e+02 8.044733018019142911e-04
2.010000000000000000e+02 8.044598973918105911e-04
2.020000000000000000e+02 8.044437704257450736e-04
2.030000000000000000e+02 8.044166829936414244e-04
2.040000000000000000e+02 8.043923341071331466e-04
2.050000000000000000e+02 8.043710786174277944e-04
2.060000000000000000e+02 8.043545202809621562e-04
2.070000000000000000e+02 8.043305098450729716e-04
2.080000000000000000e+02 8.043141746868108987e-04
2.090000000000000000e+02 8.042903973324721937e-04
2.100000000000000000e+02 8.042834457852427420e-04
2.110000000000000000e+02 8.042660911130578407e-04
2.120000000000000000e+02 8.042510506418421414e-04
2.130000000000000000e+02 8.042342314802451535e-04
2.140000000000000000e+02 8.042140566622238852e-04
2.150000000000000000e+02 8.042042595680131203e-04
2.160000000000000000e+02 8.041831111337063853e-04
2.170000000000000000e+02 8.041694502751714014e-04
2.180000000000000000e+02 8.041524499278236574e-04
2.190000000000000000e+02 8.041329550533625036e-04
2.200000000000000000e+02 8.041186710199471144e-04
2.210000000000000000e+02 8.040989627366734206e-04
2.220000000000000000e+02 8.040875468513552018e-04
2.230000000000000000e+02 8.040740526335759912e-04
2.240000000000000000e+02 8.040534851297968973e-04
2.250000000000000000e+02 8.040239531719405291e-04
2.260000000000000000e+02 8.040054332826987796e-04
2.270000000000000000e+02 8.039801113826296110e-04
2.280000000000000000e+02 8.039710125098304154e-04
2.290000000000000000e+02 8.039540919254281603e-04
2.300000000000000000e+02 8.039399510945548265e-04
