1.604910853108900914e+00
7.541458016773507911e-01
6.630480190856120615e-01
1.166093183572934233e+00
9.458889227518577636e-01
7.200586364887198165e-01
3.608844545190441178e+00
-6.549824001286511654e-01
5.689755094509171274e-01
-1.325503581927428343e+00
1.203798879454717613e-01
-3.459042765096731475e-01
1.307443269176548961e+00
1.049483565888242653e+00
9.179950399894444280e-01
2.238831502439529331e+00
4.446257621155687567e-01
1.276821857965374285e+00
5.614111006883434341e-01
4.344354163895845500e-01
8.779542352290051754e-01
1.628916529478104058e+00
6.883439527318382378e-01
2.265801180278442239e-01
