1.065313114383449777e+00
6.236963564786952574e-01
5.833373217487830553e-01
1.686384204336518922e+00
-3.612308106955774423e-01
-9.854605622020505551e-02
-6.132512289419191770e-02
-1.590220428113202356e-01
-3.059820747075112091e-01
3.490333452724021512e-01
1.265431730826501733e+00
5.801160119078272448e-01
-3.531312776062951742e-02
1.309042740796139359e+00
9.504716814413658454e-01
-1.126376296782452213e+00
1.534909713303244994e+00
1.427545672932826859e+00
4.550119014036219656e-01
-1.726818418874782601e-01
1.331323542649188063e+00
-5.531580433360955978e-02
2.280623655027556318e-01
-3.110211344612218709e-01
-1.060705554706614928e-01
4.663264440474088751e-02
1.168837474984159575e-01
1.497666623422230003e+00
-1.598394415493350484e-01
-1.323087742885529494e-01
1.372675265896810881e+00
5.788725854323782949e-01
-4.044307840526031317e-01
6.129218822109386844e-01
7.516774622399988726e-01
2.379153310569600555e-01
7.358868480410877266e-01
-1.437130428446930508e-01
4.308839561489167247e-01
8.800802976902194485e-01
3.037503891547630452e-01
4.098338906733259290e-02
1.281224417006846306e+00
1.860637150027099340e-01
2.133506864619541810e-01
1.001170749837395846e+00
5.650713714555020140e-01
6.285224462576244342e-01
-1.000357369158728860e+00
3.644151761669209844e-01
6.735236318925655885e-01
-6.038484364509077301e-02
2.620543025415578153e-01
2.029451065954804984e-02
7.557918931680749353e-01
6.776002729656278589e-01
2.100679029662215758e-01
4.053554327939516977e-01
1.460740393242687230e+00
8.659643363832362217e-01
1.184802581550384204e+00
1.103764043834162489e+00
7.743051971451571092e-01
1.392884241389103606e+00
8.365402225072808839e-01
4.549467451184208144e-01
7.527647740952929656e-01
4.034369272027444886e-01
1.358678678625962477e-01
-3.940839810421160050e-01
2.201245413641634285e-01
1.651919154845432613e-01
