2.094743464869511573e+00
-1.340642356815358260e+00
-1.339819958373239528e-01
1.005569159674864821e+00
1.204763124402693952e+00
2.525101992097517623e-01
7.300942219577626346e-01
2.079991748871701684e+00
-1.963133642439538029e+00
4.702173755935209476e-01
1.247283007031317226e+00
1.585471091070021599e+00
4.524022896541895489e-01
4.658724818559409342e-01
5.452396339604762554e-01
5.138765971734272631e-01
9.146158213852435548e-01
-1.602344780665725110e-01
1.404778700529164759e+00
-1.012184121915139734e+00
6.787314037897216323e-01
1.404391146993071215e+00
-2.760531416857867626e-01
1.307743414852419184e+00
1.180328030031358333e+00
7.472076434566095049e-01
4.868565244133007397e-01
3.437849348179532472e-01
7.202216469732977133e-01
-2.490060783258605526e-01
9.279326970627433946e-01
9.722288815403554718e-01
8.101706166951782029e-01
1.177912212503881673e+00
1.195561987304766927e+00
7.813154604938483683e-01
1.753335238165918408e+00
1.579207887677875621e-01
5.018839635318804726e-01
5.822040099179965900e-01
-2.919004879712622791e-01
8.747923902306947719e-01
2.429750450362355707e-01
3.878554797527522524e-01
1.643320090818203294e+00
1.654724690289882449e+00
1.329882266263855861e+00
8.461925738013755804e-01
