1.000000000000000000e+00 5.377957651444476017e-01
2.000000000000000000e+00 3.128656689155633885e-01
3.000000000000000000e+00 2.552437403663091464e-01
4.000000000000000000e+00 2.327380540361009831e-01
5.000000000000000000e+00 2.231278009490923475e-01
6.000000000000000000e+00 2.156028162083585553e-01
7.000000000000000000e+00 2.084281599554697328e-01
8.000000000000000000e+00 2.068424019388837576e-01
9.000000000000000000e+00 2.059337702681807158e-01
1.000000000000000000e+01 2.056068014725266346e-01
1.100000000000000000e+01 2.047596650561708809e-01
1.200000000000000000e+01 2.039695266451980460e-01
1.300000000000000000e+01 2.035003198702052540e-01
1.400000000000000000e+01 2.031558312297327973e-01
1.500000000000000000e+01 2.029983998245460386e-01
1.600000000000000000e+01 2.027910255032072673e-01
1.700000000000000000e+01 2.026244220054865819e-01
1.800000000000000000e+01 2.021571673885973197e-01
1.900000000000000000e+01 2.020046632913876650e-01
2.000000000000000000e+01 2.017525523113334884e-01
2.100000000000000000e+01 2.015702837397754243e-01
2.200000000000000000e+01 2.015101836805323898e-01
2.300000000000000000e+01 2.014208137579129587e-01
2.400000000000000000e+01 2.013325855268430220e-01
2.500000000000000000e+01 2.012278596506239248e-01
2.600000000000000000e+01 2.011286750074184615e-01
2.700000000000000000e+01 2.010678215401983659e-01
2.800000000000000000e+01 2.010104696804961566e-01
2.900000000000000000e+01 2.009418828873600071e-01
3.000000000000000000e+01 2.007783072530786306e-01
3.100000000000000000e+01 2.006422345110169536e-01
3.200000000000000000e+01 2.005509012022227699e-01
3.300000000000000000e+01 2.004784900176697360e-01
3.400000000000000000e+01 2.003942688071830847e-01
3.500000000000000000e+01 2.001872675671717838e-01
3.600000000000000000e+01 2.000209678790846601e-01
3.700000000000000000e+01 1.998865797372517128e-01
3.800000000000000000e+01 1.998416024018105364e-01
3.900000000000000000e+01 1.997979205067081654e-01
4.000000000000000000e+01 1.997772053464676734e-01
4.100000000000000000e+01 1.997052169736562022e-01
4.200000000000000000e+01 1.996553822230440201e-01
4.300000000000000000e+01 1.995511045847941090e-01
4.400000000000000000e+01 1.993986603622048548e-01
4.500000000000000000e+01 1.992852160610425194e-01
4.600000000000000000e+01 1.991770071768899919e-01
4.700000000000000000e+01 1.991288859181697957e-01
4.800000000000000000e+01 1.991038355260748849e-01
4.900000000000000000e+01 1.990695882999203303e-01
5.000000000000000000e+01 1.990356415146472824e-01
5.100000000000000000e+01 1.989967575933891952e-01
5.200000000000000000e+01 1.989556982088556136e-01
5.300000000000000000e+01 1.989149534365287353e-01
5.400000000000000000e+01 1.988305531785888869e-01
5.500000000000000000e+01 1.987657823724167105e-01
5.600000000000000000e+01 1.986890702449675417e-01
5.700000000000000000e+01 1.985956280604867508e-01
5.800000000000000000e+01 1.984330874655703958e-01
5.900000000000000000e+01 1.981455576273979668e-01
6.000000000000000000e+01 1.978988029146910577e-01
6.100000000000000000e+01 1.975616638631394195e-01
6.200000000000000000e+01 1.974533351832625516e-01
6.300000000000000000e+01 1.969430170546219161e-01
6.400000000000000000e+01 1.965988430495886619e-01
6.500000000000000000e+01 1.962412589594383361e-01
6.600000000000000000e+01 1.960855934067536055e-01
6.700000000000000000e+01 1.959046171628791855e-01
6.800000000000000000e+01 1.953919224385542719e-01
6.900000000000000000e+01 1.951747622552484906e-01
7.000000000000000000e+01 1.947996836189545833e-01
7.100000000000000000e+01 1.945542316756494194e-01
7.200000000000000000e+01 1.942082977054122583e-01
7.300000000000000000e+01 1.936903878859675410e-01
7.400000000000000000e+01 1.931810100755017023e-01
7.500000000000000000e+01 1.927059725275341862e-01
7.600000000000000000e+01 1.924415196781331938e-01
7.700000000000000000e+01 1.920333815860137683e-01
7.800000000000000000e+01 1.917228506640007157e-01
7.900000000000000000e+01 1.911797921821703494e-01
8.000000000000000000e+01 1.905898648189566225e-01
8.100000000000000000e+01 1.899059707571445488e-01
8.200000000000000000e+01 1.893992482361240570e-01
8.300000000000000000e+01 1.889051560368391891e-01
8.400000000000000000e+01 1.887368524706645734e-01
8.500000000000000000e+01 1.881444924347773218e-01
8.600000000000000000e+01 1.877942576803733610e-01
8.700000000000000000e+01 1.875786024489217441e-01
8.800000000000000000e+01 1.869873158155601900e-01
8.900000000000000000e+01 1.862363775857199255e-01
9.000000000000000000e+01 1.849395930881017613e-01
9.100000000000000000e+01 1.835973190046195080e-01
9.200000000000000000e+01 1.828269223346961347e-01
9.300000000000000000e+01 1.824226756239086533e-01
9.400000000000000000e+01 1.806226674281485589e-01
9.500000000000000000e+01 1.802556957816035810e-01
9.600000000000000000e+01 1.787746717174051314e-01
9.700000000000000000e+01 1.782789586694337181e-01
9.800000000000000000e+01 1.776824476062589531e-01
9.900000000000000000e+01 1.770106646355216751e-01
1.000000000000000000e+02 1.761309642434921163e-01
1.010000000000000000e+02 1.755557104416018976e-01
1.020000000000000000e+02 1.748684886860443211e-01
1.030000000000000000e+02 1.746251708128393199e-01
1.040000000000000000e+02 1.742912687297813179e-01
1.050000000000000000e+02 1.735431094765116089e-01
1.060000000000000000e+02 1.732944879185182863e-01
1.070000000000000000e+02 1.725641403495490889e-01
1.080000000000000000e+02 1.719895719415661661e-01
1.090000000000000000e+02 1.713011017973372352e-01
1.100000000000000000e+02 1.707665620352143143e-01
1.110000000000000000e+02 1.701225882583257965e-01
