-7.001939427125888349e-01
1.181513687840894722e+00
8.554077159409960718e-01
1.721095284888511490e+00
7.950133658723408381e-01
9.746701803090122018e-01
1.946280756695228487e+00
7.587790714506700285e-01
1.432019800303425017e+00
-1.067317129451314628e+00
5.255823804222404805e-01
1.098250299667555607e+00
1.522999480626255009e+00
-2.242272817830461840e-01
9.746107737826479323e-01
6.752762931303660232e-02
1.616639158955134048e-01
-6.679999588279215972e-02
9.348437258821175044e-01
2.060342372959554358e-01
2.153598828560754908e-01
9.962375539410920355e-01
4.773825542175271774e-01
-6.918405312438116184e-01
1.218121260610878664e+00
1.659870597791546443e+00
5.125387834536803133e-01
1.590815325526201196e+00
5.161482433592495811e-01
1.009276490131222781e+00
1.312719594142673474e+00
1.331252321535484340e-01
3.859008777043306804e-01
-5.085212389029077074e-02
2.819151864568587157e-02
2.743579327304518367e-01
