-9.237967808571238837e-02
-1.088046209332542480e+00
1.566323690320592099e-01
1.550023020767009374e+00
1.907120120108319605e-01
7.317084884341794604e-01
4.657928001225576375e-01
3.158489624500102066e-01
6.651424153164718911e-01
-8.687022678129145692e-02
6.050418580968400795e-01
-1.401672141610800226e+00
5.571014101092294085e-02
-2.373295238246233077e-02
9.607625133584890564e-02
7.043635820602001107e-01
2.762593134252629978e-01
-2.507124885941891534e-01
8.549595095881559748e-02
-1.789382072596586326e+00
5.785565123474383231e-01
4.098378720650956430e-01
4.321446188395047239e-01
4.958126704518881489e-01
