1.000000000000000000e+00 6.042047351241415232e-01
2.000000000000000000e+00 3.451498765324481077e-01
3.000000000000000000e+00 2.470452334573306208e-01
4.000000000000000000e+00 2.292963750372604970e-01
5.000000000000000000e+00 2.126026652573864695e-01
6.000000000000000000e+00 2.024537543368639669e-01
7.000000000000000000e+00 1.679489298810276920e-01
8.000000000000000000e+00 1.538172109958751699e-01
9.000000000000000000e+00 1.442788536512958908e-01
1.000000000000000000e+01 1.302222060048075780e-01
1.100000000000000000e+01 1.158883953467302469e-01
1.200000000000000000e+01 1.045131967260402028e-01
1.300000000000000000e+01 9.298705581346963789e-02
1.400000000000000000e+01 8.149583655822027761e-02
1.500000000000000000e+01 7.617342497267526324e-02
1.600000000000000000e+01 7.450600343291624572e-02
1.700000000000000000e+01 7.390880895531747041e-02
1.800000000000000000e+01 7.309906719878676851e-02
1.900000000000000000e+01 7.078602401241608499e-02
2.000000000000000000e+01 6.955754599899340029e-02
2.100000000000000000e+01 6.888358095032963424e-02
2.200000000000000000e+01 6.852096271170610153e-02
2.300000000000000000e+01 6.827413280679139884e-02
2.400000000000000000e+01 6.802369804091244754e-02
2.500000000000000000e+01 6.764702619709844766e-02
2.600000000000000000e+01 6.714044088786491615e-02
2.700000000000000000e+01 6.666276591083578063e-02
2.800000000000000000e+01 6.648470645938962809e-02
2.900000000000000000e+01 6.616814879524249293e-02
3.000000000000000000e+01 6.599359469710017190e-02
3.100000000000000000e+01 6.585769660921446389e-02
3.200000000000000000e+01 6.579829313501173171e-02
3.300000000000000000e+01 6.567078351891089683e-02
3.400000000000000000e+01 6.550374487941694468e-02
3.500000000000000000e+01 6.548213034841779412e-02
3.600000000000000000e+01 6.543220812727691682e-02
3.700000000000000000e+01 6.540512641499046653e-02
3.800000000000000000e+01 6.537717263907376342e-02
3.900000000000000000e+01 6.532335789656215641e-02
4.000000000000000000e+01 6.525073960897805059e-02
4.100000000000000000e+01 6.506697085761956045e-02
4.200000000000000000e+01 6.492289892631167292e-02
4.300000000000000000e+01 6.475633377372383426e-02
4.400000000000000000e+01 6.463308564537605105e-02
4.500000000000000000e+01 6.450919283289144324e-02
4.600000000000000000e+01 6.438272302140114756e-02
4.700000000000000000e+01 6.424486277761692898e-02
4.800000000000000000e+01 6.407375178708635266e-02
4.900000000000000000e+01 6.401740908703071331e-02
5.000000000000000000e+01 6.390928281190613736e-02
5.100000000000000000e+01 6.374391951785432497e-02
5.200000000000000000e+01 6.359311034197877299e-02
5.300000000000000000e+01 6.353107573449605361e-02
5.400000000000000000e+01 6.347293682997838526e-02
5.500000000000000000e+01 6.344499121793417684e-02
5.600000000000000000e+01 6.342602528822068042e-02
5.700000000000000000e+01 6.339413729605639092e-02
5.800000000000000000e+01 6.335235061626219577e-02
5.900000000000000000e+01 6.326608781975484597e-02
6.000000000000000000e+01 6.317525826813459588e-02
6.100000000000000000e+01 6.312089124811262608e-02
6.200000000000000000e+01 6.307427071489610237e-02
6.300000000000000000e+01 6.302671919218233443e-02
6.400000000000000000e+01 6.300518417257845727e-02
6.500000000000000000e+01 6.298253971482616065e-02
6.600000000000000000e+01 6.295786830126816336e-02
6.700000000000000000e+01 6.293874808982487246e-02
6.800000000000000000e+01 6.290725002978829472e-02
6.900000000000000000e+01 6.287910245777986185e-02
7.000000000000000000e+01 6.284317656084607850e-02
7.100000000000000000e+01 6.280831095346821324e-02
7.200000000000000000e+01 6.278884615900429123e-02
7.300000000000000000e+01 6.277595970043385598e-02
7.400000000000000000e+01 6.275905431369194210e-02
7.500000000000000000e+01 6.272774502738438784e-02
7.600000000000000000e+01 6.267087247273454842e-02
7.700000000000000000e+01 6.257950939813505808e-02
7.800000000000000000e+01 6.253921018294207601e-02
7.900000000000000000e+01 6.249487464122126940e-02
8.000000000000000000e+01 6.239894597125274223e-02
8.100000000000000000e+01 6.235071395201038924e-02
8.200000000000000000e+01 6.232247572989559059e-02
8.300000000000000000e+01 6.231358110228710917e-02
8.400000000000000000e+01 6.229360843624280608e-02
8.500000000000000000e+01 6.228260343848521924e-02
8.600000000000000000e+01 6.226899797278781512e-02
8.700000000000000000e+01 6.224877682857408306e-02
8.800000000000000000e+01 6.223750388098182179e-02
8.900000000000000000e+01 6.222742869269271698e-02
9.000000000000000000e+01 6.220937194487702326e-02
9.100000000000000000e+01 6.217917546793468031e-02
9.200000000000000000e+01 6.212216078963339605e-02
9.300000000000000000e+01 6.209039774629323410e-02
9.400000000000000000e+01 6.200945175254575503e-02
9.500000000000000000e+01 6.195056729329638523e-02
9.600000000000000000e+01 6.194026039870188100e-02
9.700000000000000000e+01 6.192915080982588916e-02
9.800000000000000000e+01 6.190908153459164648e-02
9.900000000000000000e+01 6.187894233769395541e-02
1.000000000000000000e+02 6.185785124539422419e-02
1.010000000000000000e+02 6.182111291447016377e-02
1.020000000000000000e+02 6.179392408651065288e-02
1.030000000000000000e+02 6.177928234892813425e-02
1.040000000000000000e+02 6.176457760358258775e-02
1.050000000000000000e+02 6.175217826591394149e-02
1.060000000000000000e+02 6.173698742115394517e-02
1.070000000000000000e+02 6.172760991032464478e-02
1.080000000000000000e+02 6.171916651014654198e-02
1.090000000000000000e+02 6.171227977986773472e-02
1.100000000000000000e+02 6.170207169602060643e-02
1.110000000000000000e+02 6.169192301469947348e-02
1.120000000000000000e+02 6.167396482929044660e-02
1.130000000000000000e+02 6.165237602538347489e-02
1.140000000000000000e+02 6.163371818517384554e-02
1.150000000000000000e+02 6.162370849315330912e-02
1.160000000000000000e+02 6.161376652158035566e-02
1.170000000000000000e+02 6.159947474825923364e-02
1.180000000000000000e+02 6.158379791458686026e-02
1.190000000000000000e+02 6.157087241829738156e-02
1.200000000000000000e+02 6.154465860253502396e-02
1.210000000000000000e+02 6.151089789349605680e-02
1.220000000000000000e+02 6.146098672468960217e-02
1.230000000000000000e+02 6.142206740142357874e-02
1.240000000000000000e+02 6.139602264391860742e-02
1.250000000000000000e+02 6.138217284409711733e-02
1.260000000000000000e+02 6.136294654254090264e-02
1.270000000000000000e+02 6.132288006183982121e-02
1.280000000000000000e+02 6.125270509211088593e-02
1.290000000000000000e+02 6.121300060042528940e-02
1.300000000000000000e+02 6.116178411890953182e-02
1.310000000000000000e+02 6.114887353021429550e-02
1.320000000000000000e+02 6.110781182766009123e-02
1.330000000000000000e+02 6.108836235028821532e-02
1.340000000000000000e+02 6.106938666900939977e-02
1.350000000000000000e+02 6.105605621632446273e-02
1.360000000000000000e+02 6.103791184562645106e-02
1.370000000000000000e+02 6.103251325264800325e-02
1.380000000000000000e+02 6.101298738971253077e-02
1.390000000000000000e+02 6.101095883770395190e-02
1.400000000000000000e+02 6.100970770517667729e-02
1.410000000000000000e+02 6.100718906219274040e-02
1.420000000000000000e+02 6.100131602487144505e-02
1.430000000000000000e+02 6.099159695348904675e-02
1.440000000000000000e+02 6.097289091547907630e-02
1.450000000000000000e+02 6.094766504293277348e-02
1.460000000000000000e+02 6.092223550449090558e-02
1.470000000000000000e+02 6.085977256065214225e-02
1.480000000000000000e+02 6.083631239838725030e-02
1.490000000000000000e+02 6.081039115929057215e-02
1.500000000000000000e+02 6.079781809555979272e-02
1.510000000000000000e+02 6.078680056145796540e-02
1.520000000000000000e+02 6.076756947545080417e-02
1.530000000000000000e+02 6.073487765583094472e-02
1.540000000000000000e+02 6.067905534668857626e-02
1.550000000000000000e+02 6.063640943351836232e-02
1.560000000000000000e+02 6.052914580947612450e-02
1.570000000000000000e+02 6.050909402974528895e-02
1.580000000000000000e+02 6.048873117823336254e-02
1.590000000000000000e+02 6.047422852664400411e-02
1.600000000000000000e+02 6.043865094457188253e-02
1.610000000000000000e+02 6.042585424529733906e-02
1.620000000000000000e+02 6.041483342351972735e-02
1.630000000000000000e+02 6.039871313952732690e-02
1.640000000000000000e+02 6.038446533297862212e-02
1.650000000000000000e+02 6.034291702001749053e-02
1.660000000000000000e+02 6.031839981895292108e-02
1.670000000000000000e+02 6.029397923564668721e-02
1.680000000000000000e+02 6.027578937954766736e-02
1.690000000000000000e+02 6.026540142000087752e-02
1.700000000000000000e+02 6.025754680805519431e-02
1.710000000000000000e+02 6.024580945841842561e-02
1.720000000000000000e+02 6.022807383328002140e-02
1.730000000000000000e+02 6.019253556310390912e-02
1.740000000000000000e+02 6.016856580633810764e-02
1.750000000000000000e+02 6.015196956593700517e-02
1.760000000000000000e+02 6.014289295948978958e-02
1.770000000000000000e+02 6.013450014736916593e-02
1.780000000000000000e+02 6.011781900695074843e-02
1.790000000000000000e+02 6.010425844257866884e-02
1.800000000000000000e+02 6.007418835540086210e-02
1.810000000000000000e+02 6.003358193593349990e-02
1.820000000000000000e+02 6.000573274515690059e-02
1.830000000000000000e+02 5.997178344937188071e-02
1.840000000000000000e+02 5.994523118579649090e-02
1.850000000000000000e+02 5.990881121312480184e-02
1.860000000000000000e+02 5.989245612887345721e-02
1.870000000000000000e+02 5.986608269222253725e-02
1.880000000000000000e+02 5.984707373567305089e-02
1.890000000000000000e+02 5.982013079198545552e-02
1.900000000000000000e+02 5.981359429229000241e-02
1.910000000000000000e+02 5.980477976425268433e-02
1.920000000000000000e+02 5.979589254233363266e-02
1.930000000000000000e+02 5.978854989521969338e-02
1.940000000000000000e+02 5.978358297596689241e-02
1.950000000000000000e+02 5.978142913192573821e-02
1.960000000000000000e+02 5.977894988406103061e-02
1.970000000000000000e+02 5.977658679794752017e-02
1.980000000000000000e+02 5.977020283407848827e-02
1.990000000000000000e+02 5.975953147263864118e-02
2.000000000000000000e+02 5.974720755517989174e-02
2.010000000000000000e+02 5.973206016790755940e-02
2.020000000000000000e+02 5.970491057083455316e-02
2.030000000000000000e+02 5.968915443550258659e-02
2.040000000000000000e+02 5.965351006704998349e-02
2.050000000000000000e+02 5.964227258642758323e-02
