1.000000000000000000e+00 4.356048939218454819e-01
2.000000000000000000e+00 2.739607841186780246e-01
3.000000000000000000e+00 2.661586864920856832e-01
4.000000000000000000e+00 2.605971363996754109e-01
5.000000000000000000e+00 2.542343761278741954e-01
6.000000000000000000e+00 2.475370198521539278e-01
7.000000000000000000e+00 2.442577738209866234e-01
8.000000000000000000e+00 2.414553556224574016e-01
9.000000000000000000e+00 2.408742448388933588e-01
1.000000000000000000e+01 2.405924297696857284e-01
1.100000000000000000e+01 2.402631727283910390e-01
1.200000000000000000e+01 2.396984209417761247e-01
1.300000000000000000e+01 2.395371601037375731e-01
1.400000000000000000e+01 2.394514323578657011e-01
1.500000000000000000e+01 2.389994525223351485e-01
1.600000000000000000e+01 2.386826680335019657e-01
1.700000000000000000e+01 2.385183924834539948e-01
1.800000000000000000e+01 2.384508991175266490e-01
1.900000000000000000e+01 2.384063435887316673e-01
2.000000000000000000e+01 2.383138142316526820e-01
2.100000000000000000e+01 2.380628457069407788e-01
2.200000000000000000e+01 2.379726735652362146e-01
2.300000000000000000e+01 2.378993427650622772e-01
2.400000000000000000e+01 2.378627684796404684e-01
2.500000000000000000e+01 2.378082327825948583e-01
2.600000000000000000e+01 2.377241383485298731e-01
2.700000000000000000e+01 2.376255748414513036e-01
2.800000000000000000e+01 2.376115873642349330e-01
2.900000000000000000e+01 2.375866059459996738e-01
3.000000000000000000e+01 2.374840971377348287e-01
3.100000000000000000e+01 2.374246231416255182e-01
3.200000000000000000e+01 2.373767820728928113e-01
3.300000000000000000e+01 2.373398573881787543e-01
3.400000000000000000e+01 2.372844654786492036e-01
3.500000000000000000e+01 2.371167149199982227e-01
3.600000000000000000e+01 2.369551659835378854e-01
3.700000000000000000e+01 2.367721845785689949e-01
3.800000000000000000e+01 2.366939246110746353e-01
3.900000000000000000e+01 2.365988608339283650e-01
4.000000000000000000e+01 2.364838817816789229e-01
4.100000000000000000e+01 2.363978173913040548e-01
4.200000000000000000e+01 2.361513785801593879e-01
4.300000000000000000e+01 2.359411608247082570e-01
4.400000000000000000e+01 2.355928754216047860e-01
4.500000000000000000e+01 2.355392643926002005e-01
4.600000000000000000e+01 2.354673811744397161e-01
4.700000000000000000e+01 2.353665271847782126e-01
4.800000000000000000e+01 2.352783480192055798e-01
4.900000000000000000e+01 2.351832053852359328e-01
5.000000000000000000e+01 2.348098987180095298e-01
5.100000000000000000e+01 2.346430495615604572e-01
5.200000000000000000e+01 2.345102224429222171e-01
5.300000000000000000e+01 2.343296740806448397e-01
5.400000000000000000e+01 2.341044362433633008e-01
5.500000000000000000e+01 2.339164284648054815e-01
5.600000000000000000e+01 2.336901650394410945e-01
5.700000000000000000e+01 2.333265137954571300e-01
5.800000000000000000e+01 2.329680047160583023e-01
5.900000000000000000e+01 2.324073656245849162e-01
6.000000000000000000e+01 2.319150144268895541e-01
6.100000000000000000e+01 2.309724302356269965e-01
6.200000000000000000e+01 2.305596828150453803e-01
6.300000000000000000e+01 2.297591743833762024e-01
6.400000000000000000e+01 2.293332913553971231e-01
6.500000000000000000e+01 2.285719930009756651e-01
6.600000000000000000e+01 2.282246304321751684e-01
6.700000000000000000e+01 2.277680109436737155e-01
6.800000000000000000e+01 2.271660463967246080e-01
6.900000000000000000e+01 2.255530230294136018e-01
7.000000000000000000e+01 2.249122863953445794e-01
7.100000000000000000e+01 2.238279760654078854e-01
7.200000000000000000e+01 2.203023610690665879e-01
7.300000000000000000e+01 2.174516060883733004e-01
7.400000000000000000e+01 2.157208533634335235e-01
7.500000000000000000e+01 2.129802057632529388e-01
7.600000000000000000e+01 2.106410577924759109e-01
7.700000000000000000e+01 2.096276973275919275e-01
7.800000000000000000e+01 2.085674843280109769e-01
7.900000000000000000e+01 2.072178049517495180e-01
8.000000000000000000e+01 2.064349420483379272e-01
8.100000000000000000e+01 2.062979529068106332e-01
8.200000000000000000e+01 2.060683171272988112e-01
8.300000000000000000e+01 2.054957622338760836e-01
8.400000000000000000e+01 2.050427513139860825e-01
8.500000000000000000e+01 2.045664782909653867e-01
8.600000000000000000e+01 2.042136918251242494e-01
8.700000000000000000e+01 2.038571389492912778e-01
8.800000000000000000e+01 2.036678445016524841e-01
8.900000000000000000e+01 2.034707252830879054e-01
9.000000000000000000e+01 2.034090746243898129e-01
9.100000000000000000e+01 2.033495755384303605e-01
9.200000000000000000e+01 2.032783334164457723e-01
9.300000000000000000e+01 2.031192379805557280e-01
9.400000000000000000e+01 2.028799958799325232e-01
9.500000000000000000e+01 2.026050640324701391e-01
9.600000000000000000e+01 2.023770861562042278e-01
9.700000000000000000e+01 2.022470303346595999e-01
9.800000000000000000e+01 2.021813821732022787e-01
9.900000000000000000e+01 2.021263779199919119e-01
1.000000000000000000e+02 2.020039736362097826e-01
1.010000000000000000e+02 2.018680828269236727e-01
1.020000000000000000e+02 2.016680324543886627e-01
1.030000000000000000e+02 2.015946818651274952e-01
1.040000000000000000e+02 2.014474999662353438e-01
1.050000000000000000e+02 2.013311603518450621e-01
1.060000000000000000e+02 2.012512308268420425e-01
1.070000000000000000e+02 2.010616911857272260e-01
1.080000000000000000e+02 2.009821003722192800e-01
1.090000000000000000e+02 2.009106339405881125e-01
1.100000000000000000e+02 2.008260405403890780e-01
1.110000000000000000e+02 2.007113946087895617e-01
1.120000000000000000e+02 2.006290534494748479e-01
1.130000000000000000e+02 2.005452789393525059e-01
1.140000000000000000e+02 2.003627835174829619e-01
1.150000000000000000e+02 2.001161943021765033e-01
1.160000000000000000e+02 1.999786575586496029e-01
1.170000000000000000e+02 1.998803988273269161e-01
1.180000000000000000e+02 1.997602077367347517e-01
1.190000000000000000e+02 1.995774255751771864e-01
1.200000000000000000e+02 1.994841224428216264e-01
1.210000000000000000e+02 1.994162378123951751e-01
1.220000000000000000e+02 1.993678315722233751e-01
1.230000000000000000e+02 1.993270814274754610e-01
1.240000000000000000e+02 1.992861081940799362e-01
1.250000000000000000e+02 1.992263805050229208e-01
1.260000000000000000e+02 1.991950375440479648e-01
1.270000000000000000e+02 1.991672810850820818e-01
1.280000000000000000e+02 1.991369603333556781e-01
1.290000000000000000e+02 1.991003125495870996e-01
1.300000000000000000e+02 1.990439293569105650e-01
1.310000000000000000e+02 1.989833220771125843e-01
1.320000000000000000e+02 1.989389835462938572e-01
1.330000000000000000e+02 1.989138492490605536e-01
1.340000000000000000e+02 1.988921352680725618e-01
1.350000000000000000e+02 1.988725942468890229e-01
1.360000000000000000e+02 1.988513401287863303e-01
1.370000000000000000e+02 1.988289126837428089e-01
1.380000000000000000e+02 1.987921711605660224e-01
1.390000000000000000e+02 1.987387374701069243e-01
1.400000000000000000e+02 1.987148194814171986e-01
1.410000000000000000e+02 1.986982811252821501e-01
1.420000000000000000e+02 1.986765895929087922e-01
1.430000000000000000e+02 1.986502360321545091e-01
1.440000000000000000e+02 1.986238895025924933e-01
1.450000000000000000e+02 1.985936791324554307e-01
1.460000000000000000e+02 1.985814759562967435e-01
1.470000000000000000e+02 1.985441322249630602e-01
1.480000000000000000e+02 1.985070467675913719e-01
1.490000000000000000e+02 1.984688405634559838e-01
1.500000000000000000e+02 1.984306555685574069e-01
1.510000000000000000e+02 1.983528267381146348e-01
1.520000000000000000e+02 1.983050650021132844e-01
1.530000000000000000e+02 1.982797772289050520e-01
1.540000000000000000e+02 1.982388381627637752e-01
1.550000000000000000e+02 1.982069645447254724e-01
1.560000000000000000e+02 1.981606329649753251e-01
1.570000000000000000e+02 1.980765633060957154e-01
1.580000000000000000e+02 1.980338375751692914e-01
1.590000000000000000e+02 1.979893830421320944e-01
1.600000000000000000e+02 1.979689948763867224e-01
1.610000000000000000e+02 1.979403853467823771e-01
1.620000000000000000e+02 1.978719009620461544e-01
1.630000000000000000e+02 1.978179579556187950e-01
1.640000000000000000e+02 1.977208424898768413e-01
1.650000000000000000e+02 1.976813010323673347e-01
1.660000000000000000e+02 1.976283173052152398e-01
1.670000000000000000e+02 1.975900574082692929e-01
1.680000000000000000e+02 1.975337687022152566e-01
1.690000000000000000e+02 1.974961585887420323e-01
1.700000000000000000e+02 1.974501883955696591e-01
1.710000000000000000e+02 1.974203750645459332e-01
1.720000000000000000e+02 1.973849760223716776e-01
1.730000000000000000e+02 1.973395981614801675e-01
1.740000000000000000e+02 1.972840042215084355e-01
1.750000000000000000e+02 1.972390310884115650e-01
1.760000000000000000e+02 1.972328215555044229e-01
1.770000000000000000e+02 1.972165154652499863e-01
1.780000000000000000e+02 1.972092743942214788e-01
1.790000000000000000e+02 1.972013202324193470e-01
1.800000000000000000e+02 1.971815055536485506e-01
1.810000000000000000e+02 1.971780598729314382e-01
1.820000000000000000e+02 1.971747910659019665e-01
1.830000000000000000e+02 1.971647533291687460e-01
1.840000000000000000e+02 1.971621078679445249e-01
1.850000000000000000e+02 1.971568765515986921e-01
1.860000000000000000e+02 1.971528542799307615e-01
1.870000000000000000e+02 1.971464851384061856e-01
1.880000000000000000e+02 1.971389673762980743e-01
1.890000000000000000e+02 1.971358848729068969e-01
1.900000000000000000e+02 1.971315688021380297e-01
1.910000000000000000e+02 1.971281527557613711e-01
1.920000000000000000e+02 1.971220056822175215e-01
1.930000000000000000e+02 1.971178407104184349e-01
1.940000000000000000e+02 1.971159799222118036e-01
1.950000000000000000e+02 1.971149263228417214e-01
1.960000000000000000e+02 1.971135060764937219e-01
1.970000000000000000e+02 1.971116293965876620e-01
1.980000000000000000e+02 1.971103811423380592e-01
1.990000000000000000e+02 1.971095928351953852e-01
2.000000000000000000e+02 1.971091424041814810e-01
2.010000000000000000e+02 1.971088826745117095e-01
2.020000000000000000e+02 1.971083142818016165e-01
2.030000000000000000e+02 1.971065466403985056e-01
2.040000000000000000e+02 1.971050703884608402e-01
2.050000000000000000e+02 1.971027077010648887e-01
2.060000000000000000e+02 1.971015351804164262e-01
2.070000000000000000e+02 1.970981169899937435e-01
2.080000000000000000e+02 1.970940907960453126e-01
2.090000000000000000e+02 1.970897154187311040e-01
2.100000000000000000e+02 1.970855701527569337e-01
2.110000000000000000e+02 1.970818795143861324e-01
2.120000000000000000e+02 1.970775494186938204e-01
2.130000000000000000e+02 1.970747659763199544e-01
2.140000000000000000e+02 1.970717723684461131e-01
2.150000000000000000e+02 1.970705871770024875e-01
2.160000000000000000e+02 1.970694336441520533e-01
2.170000000000000000e+02 1.970675361985229357e-01
2.180000000000000000e+02 1.970647529135255704e-01
2.190000000000000000e+02 1.970601208855537467e-01
2.200000000000000000e+02 1.970559508942493487e-01
2.210000000000000000e+02 1.970445249845171054e-01
2.220000000000000000e+02 1.970369499950147818e-01
2.230000000000000000e+02 1.970339825213381357e-01
2.240000000000000000e+02 1.970303406252621181e-01
2.250000000000000000e+02 1.970292325944049960e-01
2.260000000000000000e+02 1.970280694570026858e-01
2.270000000000000000e+02 1.970259974161735483e-01
2.280000000000000000e+02 1.970244337179427874e-01
2.290000000000000000e+02 1.970228399486271542e-01
2.300000000000000000e+02 1.970210768574099935e-01
2.310000000000000000e+02 1.970197757302820096e-01
2.320000000000000000e+02 1.970170838478498831e-01
2.330000000000000000e+02 1.970143324160871512e-01
2.340000000000000000e+02 1.970114468631828653e-01
2.350000000000000000e+02 1.970083043828993741e-01
2.360000000000000000e+02 1.970045924722705621e-01
2.370000000000000000e+02 1.970011099045412550e-01
2.380000000000000000e+02 1.969986443348032135e-01
2.390000000000000000e+02 1.969980738722813818e-01
2.400000000000000000e+02 1.969922973684144485e-01
2.410000000000000000e+02 1.969879091249432113e-01
2.420000000000000000e+02 1.969827341801253795e-01
2.430000000000000000e+02 1.969697862639319397e-01
2.440000000000000000e+02 1.969533519164925195e-01
2.450000000000000000e+02 1.969409362423337750e-01
2.460000000000000000e+02 1.969209082626608154e-01
2.470000000000000000e+02 1.969137712634207449e-01
2.480000000000000000e+02 1.969067367568286264e-01
2.490000000000000000e+02 1.969002954247504600e-01
2.500000000000000000e+02 1.968905286725706472e-01
2.510000000000000000e+02 1.968747459495099883e-01
2.520000000000000000e+02 1.968645372753089484e-01
2.530000000000000000e+02 1.968549791995779785e-01
2.540000000000000000e+02 1.968332555297003517e-01
2.550000000000000000e+02 1.968157599719159989e-01
2.560000000000000000e+02 1.968058768386347634e-01
2.570000000000000000e+02 1.967989210420016399e-01
2.580000000000000000e+02 1.967869094451051293e-01
2.590000000000000000e+02 1.967723747719207494e-01
2.600000000000000000e+02 1.967571919745521869e-01
2.610000000000000000e+02 1.967483233027317591e-01
2.620000000000000000e+02 1.967365360594458268e-01
2.630000000000000000e+02 1.967223418091745557e-01
2.640000000000000000e+02 1.967082119347337843e-01
2.650000000000000000e+02 1.966968651196966122e-01
2.660000000000000000e+02 1.966805693881694128e-01
2.670000000000000000e+02 1.966681499886003825e-01
2.680000000000000000e+02 1.966604046828925312e-01
2.690000000000000000e+02 1.966476136835341171e-01
2.700000000000000000e+02 1.966376269261164433e-01
2.710000000000000000e+02 1.966227839246053322e-01
2.720000000000000000e+02 1.966164403253876647e-01
2.730000000000000000e+02 1.966087298899730496e-01
2.740000000000000000e+02 1.965965102521633756e-01
2.750000000000000000e+02 1.965903478280798811e-01
2.760000000000000000e+02 1.965840702221321457e-01
2.770000000000000000e+02 1.965781908272422052e-01
2.780000000000000000e+02 1.965650041227832712e-01
2.790000000000000000e+02 1.965518645008715037e-01
2.800000000000000000e+02 1.965228645436045696e-01
2.810000000000000000e+02 1.964886016346307773e-01
2.820000000000000000e+02 1.964782361257863819e-01
2.830000000000000000e+02 1.964709340316937447e-01
2.840000000000000000e+02 1.964566333858958069e-01
2.850000000000000000e+02 1.964433045483302553e-01
2.860000000000000000e+02 1.964173373559122970e-01
2.870000000000000000e+02 1.963761825312807241e-01
2.880000000000000000e+02 1.963119550782838063e-01
2.890000000000000000e+02 1.962793925908734027e-01
2.900000000000000000e+02 1.962275270694527063e-01
2.910000000000000000e+02 1.961973884510962718e-01
2.920000000000000000e+02 1.961612859915588536e-01
2.930000000000000000e+02 1.961062720551477179e-01
2.940000000000000000e+02 1.960488230784548369e-01
2.950000000000000000e+02 1.959729867984576490e-01
2.960000000000000000e+02 1.959410336886103221e-01
2.970000000000000000e+02 1.959180399879010270e-01
2.980000000000000000e+02 1.958975489133748527e-01
2.990000000000000000e+02 1.958789299569586306e-01
3.000000000000000000e+02 1.958232465732269167e-01
3.010000000000000000e+02 1.957713741376994609e-01
3.020000000000000000e+02 1.956704343002358959e-01
3.030000000000000000e+02 1.955280651523585156e-01
3.040000000000000000e+02 1.953979474733288091e-01
3.050000000000000000e+02 1.951676849891161580e-01
3.060000000000000000e+02 1.947643112534173659e-01
3.070000000000000000e+02 1.941730463487374714e-01
3.080000000000000000e+02 1.937540716756643577e-01
3.090000000000000000e+02 1.934727506177486289e-01
3.100000000000000000e+02 1.930017126585054643e-01
3.110000000000000000e+02 1.928723473925847420e-01
3.120000000000000000e+02 1.926281005866105622e-01
3.130000000000000000e+02 1.924250621057355115e-01
3.140000000000000000e+02 1.923570158351422532e-01
3.150000000000000000e+02 1.922678109848050543e-01
3.160000000000000000e+02 1.921587524654418677e-01
3.170000000000000000e+02 1.920607494049519082e-01
3.180000000000000000e+02 1.919473779669123581e-01
3.190000000000000000e+02 1.918347682494853101e-01
3.200000000000000000e+02 1.917661126337803223e-01
3.210000000000000000e+02 1.917286236062888116e-01
3.220000000000000000e+02 1.916611339147904491e-01
3.230000000000000000e+02 1.916432663440451600e-01
3.240000000000000000e+02 1.916186263351255525e-01
3.250000000000000000e+02 1.915915898371020054e-01
3.260000000000000000e+02 1.915624937364027724e-01
3.270000000000000000e+02 1.915519280962625637e-01
3.280000000000000000e+02 1.915437191435725994e-01
3.290000000000000000e+02 1.915414721638416529e-01
3.300000000000000000e+02 1.915369908787096787e-01
3.310000000000000000e+02 1.915305458354656376e-01
3.320000000000000000e+02 1.915117230684066640e-01
3.330000000000000000e+02 1.914746172861097051e-01
3.340000000000000000e+02 1.914609878196702197e-01
3.350000000000000000e+02 1.914296449118232379e-01
3.360000000000000000e+02 1.914224439862115268e-01
3.370000000000000000e+02 1.914130778902385088e-01
3.380000000000000000e+02 1.914114951356976624e-01
3.390000000000000000e+02 1.914090468262603373e-01
3.400000000000000000e+02 1.914071288616236433e-01
3.410000000000000000e+02 1.914054867156105566e-01
3.420000000000000000e+02 1.914039395946104116e-01
3.430000000000000000e+02 1.914025666627705846e-01
3.440000000000000000e+02 1.913992908128907544e-01
3.450000000000000000e+02 1.913964965614964597e-01
3.460000000000000000e+02 1.913921999014204234e-01
3.470000000000000000e+02 1.913889412688835057e-01
3.480000000000000000e+02 1.913860420420455677e-01
3.490000000000000000e+02 1.913838048724244567e-01
3.500000000000000000e+02 1.913818294164079115e-01
3.510000000000000000e+02 1.913793695916281568e-01
3.520000000000000000e+02 1.913769081300833730e-01
3.530000000000000000e+02 1.913723635087521413e-01
