1.000000000000000000e+00 1.772904422838917915e-01
2.000000000000000000e+00 1.256198712264113559e-01
3.000000000000000000e+00 1.014387589632212844e-01
4.000000000000000000e+00 9.087055204812086173e-02
5.000000000000000000e+00 8.055383471871153944e-02
6.000000000000000000e+00 6.835330024810776228e-02
7.000000000000000000e+00 6.267996465943596884e-02
8.000000000000000000e+00 5.626069564737756074e-02
9.000000000000000000e+00 5.032508407046672877e-02
1.000000000000000000e+01 4.596155259500631779e-02
1.100000000000000000e+01 4.455125513325925574e-02
1.200000000000000000e+01 4.370151588627890077e-02
1.300000000000000000e+01 4.278781586182061475e-02
1.400000000000000000e+01 4.213866754656137720e-02
1.500000000000000000e+01 4.154554985910689779e-02
1.600000000000000000e+01 4.028541588769016940e-02
1.700000000000000000e+01 3.895065864839777209e-02
1.800000000000000000e+01 3.698347077254729443e-02
1.900000000000000000e+01 3.552661887398786411e-02
2.000000000000000000e+01 3.465342564035204381e-02
2.100000000000000000e+01 3.371208525218054308e-02
2.200000000000000000e+01 3.311047530124583416e-02
2.300000000000000000e+01 3.226400992247220600e-02
2.400000000000000000e+01 3.109998935041215218e-02
2.500000000000000000e+01 2.999766779626488258e-02
2.600000000000000000e+01 2.939105929254390293e-02
2.700000000000000000e+01 2.907269189497298928e-02
2.800000000000000000e+01 2.885774748248266450e-02
2.900000000000000000e+01 2.871201342424233027e-02
3.000000000000000000e+01 2.849467404849873042e-02
3.100000000000000000e+01 2.780999887998879261e-02
3.200000000000000000e+01 2.762829624538211057e-02
3.300000000000000000e+01 2.742274261082730188e-02
3.400000000000000000e+01 2.723889306588459652e-02
3.500000000000000000e+01 2.717820715270773818e-02
3.600000000000000000e+01 2.713484296661214032e-02
3.700000000000000000e+01 2.710467998478549231e-02
3.800000000000000000e+01 2.708424594510240591e-02
3.900000000000000000e+01 2.708170687063607418e-02
4.000000000000000000e+01 2.706930749526885449e-02
4.100000000000000000e+01 2.706405211078567741e-02
4.200000000000000000e+01 2.705202750377250914e-02
4.300000000000000000e+01 2.703522585605238823e-02
4.400000000000000000e+01 2.702701118254991278e-02
4.500000000000000000e+01 2.701848849628223082e-02
4.600000000000000000e+01 2.701349083468200865e-02
4.700000000000000000e+01 2.701068699635514325e-02
4.800000000000000000e+01 2.700687713687945427e-02
4.900000000000000000e+01 2.700524896808017411e-02
5.000000000000000000e+01 2.700379280713500335e-02
5.100000000000000000e+01 2.699979838113555214e-02
5.200000000000000000e+01 2.699809699407227509e-02
5.300000000000000000e+01 2.699288723420171371e-02
5.400000000000000000e+01 2.698822640287852626e-02
5.500000000000000000e+01 2.698406264946092911e-02
5.600000000000000000e+01 2.697741283134867663e-02
5.700000000000000000e+01 2.696307254888450841e-02
5.800000000000000000e+01 2.694469321154808333e-02
5.900000000000000000e+01 2.693370998592117121e-02
6.000000000000000000e+01 2.692887629198708818e-02
6.100000000000000000e+01 2.691411640425819818e-02
6.200000000000000000e+01 2.690416165004593310e-02
6.300000000000000000e+01 2.688782276070179889e-02
6.400000000000000000e+01 2.688249976698954546e-02
6.500000000000000000e+01 2.686540849430557251e-02
6.600000000000000000e+01 2.684932313700387832e-02
6.700000000000000000e+01 2.682729559891088716e-02
6.800000000000000000e+01 2.679248099807184091e-02
6.900000000000000000e+01 2.675288142256586343e-02
7.000000000000000000e+01 2.670918302533242458e-02
7.100000000000000000e+01 2.665340419306696379e-02
7.200000000000000000e+01 2.658102363243394078e-02
7.300000000000000000e+01 2.648179427185924639e-02
7.400000000000000000e+01 2.635132714141226462e-02
7.500000000000000000e+01 2.604858218295508926e-02
7.600000000000000000e+01 2.595497891350890055e-02
7.700000000000000000e+01 2.592186541048505447e-02
7.800000000000000000e+01 2.587314762062901952e-02
7.900000000000000000e+01 2.586811917947241454e-02
8.000000000000000000e+01 2.586637189057295824e-02
8.100000000000000000e+01 2.586285381849079065e-02
8.200000000000000000e+01 2.586077936042579725e-02
8.300000000000000000e+01 2.584827983629764056e-02
8.400000000000000000e+01 2.583013360877571205e-02
8.500000000000000000e+01 2.581032969020280454e-02
8.600000000000000000e+01 2.579912263172313980e-02
8.700000000000000000e+01 2.579376131100217379e-02
8.800000000000000000e+01 2.578955453871632081e-02
8.900000000000000000e+01 2.578299937235025568e-02
9.000000000000000000e+01 2.577455204503693170e-02
9.100000000000000000e+01 2.576887524496774759e-02
9.200000000000000000e+01 2.575603381013173709e-02
9.300000000000000000e+01 2.575119284275360909e-02
9.400000000000000000e+01 2.574898768176408018e-02
9.500000000000000000e+01 2.574774624043124974e-02
9.600000000000000000e+01 2.574368669841456403e-02
9.700000000000000000e+01 2.573638102141874093e-02
9.800000000000000000e+01 2.572143882120154351e-02
9.900000000000000000e+01 2.571415797513506435e-02
1.000000000000000000e+02 2.569953561736255943e-02
1.010000000000000000e+02 2.568872666549549058e-02
1.020000000000000000e+02 2.567748589203712462e-02
1.030000000000000000e+02 2.566011219429254267e-02
1.040000000000000000e+02 2.563530795886357835e-02
1.050000000000000000e+02 2.562434547336277582e-02
1.060000000000000000e+02 2.561943081020944327e-02
1.070000000000000000e+02 2.561241858305030386e-02
1.080000000000000000e+02 2.560685431316811478e-02
1.090000000000000000e+02 2.560221519928034331e-02
1.100000000000000000e+02 2.559549126319532811e-02
1.110000000000000000e+02 2.559276467544439881e-02
1.120000000000000000e+02 2.558616233818278296e-02
1.130000000000000000e+02 2.558485373062727858e-02
1.140000000000000000e+02 2.558368977221819190e-02
1.150000000000000000e+02 2.558267342239498726e-02
1.160000000000000000e+02 2.558179899278398284e-02
1.170000000000000000e+02 2.558015599992119124e-02
1.180000000000000000e+02 2.557806309010016502e-02
1.190000000000000000e+02 2.557518419460425019e-02
1.200000000000000000e+02 2.557032160703423887e-02
1.210000000000000000e+02 2.556499481047369224e-02
1.220000000000000000e+02 2.555529600214229841e-02
1.230000000000000000e+02 2.555250874379488835e-02
1.240000000000000000e+02 2.554328810340975725e-02
1.250000000000000000e+02 2.553270039164705352e-02
1.260000000000000000e+02 2.551592890040462608e-02
1.270000000000000000e+02 2.549514263203921452e-02
1.280000000000000000e+02 2.545474590743093679e-02
1.290000000000000000e+02 2.539652624430554714e-02
1.300000000000000000e+02 2.533109412966506532e-02
1.310000000000000000e+02 2.530842811778682630e-02
1.320000000000000000e+02 2.529276925717282090e-02
1.330000000000000000e+02 2.527326729706274450e-02
1.340000000000000000e+02 2.525164174883427759e-02
1.350000000000000000e+02 2.522862331047951573e-02
1.360000000000000000e+02 2.521267313052136250e-02
1.370000000000000000e+02 2.519269657389730521e-02
1.380000000000000000e+02 2.518728519396752283e-02
1.390000000000000000e+02 2.516691275838978115e-02
1.400000000000000000e+02 2.512245680340581197e-02
1.410000000000000000e+02 2.508674120060454954e-02
1.420000000000000000e+02 2.507240518011577546e-02
1.430000000000000000e+02 2.505268850394280419e-02
1.440000000000000000e+02 2.504668980746525830e-02
1.450000000000000000e+02 2.503883125222127956e-02
1.460000000000000000e+02 2.502869087939194742e-02
1.470000000000000000e+02 2.502413205803290241e-02
1.480000000000000000e+02 2.502074020313231617e-02
1.490000000000000000e+02 2.501963735691936294e-02
1.500000000000000000e+02 2.501686463465463764e-02
1.510000000000000000e+02 2.500622914211046363e-02
1.520000000000000000e+02 2.498671754880128423e-02
1.530000000000000000e+02 2.496515088420124540e-02
1.540000000000000000e+02 2.494951263749951159e-02
1.550000000000000000e+02 2.493469296762977627e-02
1.560000000000000000e+02 2.492978461219340358e-02
1.570000000000000000e+02 2.492670296404446428e-02
1.580000000000000000e+02 2.492238381368402228e-02
1.590000000000000000e+02 2.491714271824777005e-02
1.600000000000000000e+02 2.491426424342752660e-02
1.610000000000000000e+02 2.490522190117487947e-02
1.620000000000000000e+02 2.489956878586732647e-02
1.630000000000000000e+02 2.488869099870402377e-02
1.640000000000000000e+02 2.486972437240434625e-02
1.650000000000000000e+02 2.484376891564661280e-02
1.660000000000000000e+02 2.483049904284933759e-02
1.670000000000000000e+02 2.481012648331468173e-02
1.680000000000000000e+02 2.479783274801922871e-02
1.690000000000000000e+02 2.478673706713975522e-02
1.700000000000000000e+02 2.477087596053418120e-02
1.710000000000000000e+02 2.475700860009308335e-02
1.720000000000000000e+02 2.472773654628465656e-02
1.730000000000000000e+02 2.469574562652338337e-02
1.740000000000000000e+02 2.467378376755675895e-02
1.750000000000000000e+02 2.465583827104698283e-02
1.760000000000000000e+02 2.464134142396285157e-02
1.770000000000000000e+02 2.462245116554205929e-02
1.780000000000000000e+02 2.457716138514002072e-02
1.790000000000000000e+02 2.455384962872158086e-02
1.800000000000000000e+02 2.452603310505615392e-02
1.810000000000000000e+02 2.449338538763156867e-02
1.820000000000000000e+02 2.445767689788041002e-02
1.830000000000000000e+02 2.442348579987721827e-02
1.840000000000000000e+02 2.438824934394943911e-02
1.850000000000000000e+02 2.435920577514769786e-02
1.860000000000000000e+02 2.434481721533045609e-02
1.870000000000000000e+02 2.433708913729518489e-02
1.880000000000000000e+02 2.430602561304522416e-02
1.890000000000000000e+02 2.428626560546029434e-02
1.900000000000000000e+02 2.426472184105011101e-02
1.910000000000000000e+02 2.423026993109445026e-02
1.920000000000000000e+02 2.418134129856879672e-02
1.930000000000000000e+02 2.415242880371296433e-02
1.940000000000000000e+02 2.408630853041128506e-02
1.950000000000000000e+02 2.406532168283197909e-02
1.960000000000000000e+02 2.403109164787235047e-02
1.970000000000000000e+02 2.395883823136699814e-02
1.980000000000000000e+02 2.388014640109481154e-02
1.990000000000000000e+02 2.382158240113925116e-02
2.000000000000000000e+02 2.378982918395185914e-02
2.010000000000000000e+02 2.376285844248485213e-02
2.020000000000000000e+02 2.366278555462256877e-02
2.030000000000000000e+02 2.358342254397883739e-02
2.040000000000000000e+02 2.352344586143952782e-02
2.050000000000000000e+02 2.350527040274073831e-02
2.060000000000000000e+02 2.347641607546377060e-02
2.070000000000000000e+02 2.346688318992971173e-02
2.080000000000000000e+02 2.344092601063071241e-02
2.090000000000000000e+02 2.339045589781403589e-02
2.100000000000000000e+02 2.330990647060485546e-02
2.110000000000000000e+02 2.325438962509317545e-02
2.120000000000000000e+02 2.308056527758394275e-02
2.130000000000000000e+02 2.298957634020007412e-02
2.140000000000000000e+02 2.284264978901941537e-02
2.150000000000000000e+02 2.270834351310978272e-02
2.160000000000000000e+02 2.253300734985419496e-02
2.170000000000000000e+02 2.232876313722055930e-02
2.180000000000000000e+02 2.202836356204453463e-02
2.190000000000000000e+02 2.180525800997493505e-02
2.200000000000000000e+02 2.148116026768480749e-02
2.210000000000000000e+02 2.122240211227350085e-02
2.220000000000000000e+02 2.107102984803667020e-02
2.230000000000000000e+02 2.089850938283411771e-02
2.240000000000000000e+02 2.081951101602179388e-02
2.250000000000000000e+02 2.071838140591364744e-02
2.260000000000000000e+02 2.055046653219684549e-02
2.270000000000000000e+02 2.030815731684699685e-02
2.280000000000000000e+02 2.002533873884073182e-02
2.290000000000000000e+02 1.973288523616066950e-02
2.300000000000000000e+02 1.954566988539796143e-02
2.310000000000000000e+02 1.948287895340414938e-02
2.320000000000000000e+02 1.929710919469363947e-02
2.330000000000000000e+02 1.926899761256621602e-02
2.340000000000000000e+02 1.923960285234324261e-02
2.350000000000000000e+02 1.919853975466599000e-02
2.360000000000000000e+02 1.917772946779345775e-02
2.370000000000000000e+02 1.915691106891060508e-02
2.380000000000000000e+02 1.910501412221124115e-02
2.390000000000000000e+02 1.904588145054602125e-02
2.400000000000000000e+02 1.890319734243168029e-02
2.410000000000000000e+02 1.878553188829883841e-02
2.420000000000000000e+02 1.877075788878369497e-02
2.430000000000000000e+02 1.873280043596017852e-02
2.440000000000000000e+02 1.872663140074132260e-02
2.450000000000000000e+02 1.870380984807567051e-02
2.460000000000000000e+02 1.867505830122661789e-02
2.470000000000000000e+02 1.853733933333307285e-02
2.480000000000000000e+02 1.843100022447534056e-02
2.490000000000000000e+02 1.831929457750447118e-02
2.500000000000000000e+02 1.829546840731199539e-02
2.510000000000000000e+02 1.829200851850897036e-02
2.520000000000000000e+02 1.828666594418255562e-02
2.530000000000000000e+02 1.828203359797725067e-02
2.540000000000000000e+02 1.827603936298794959e-02
2.550000000000000000e+02 1.826715704111674457e-02
2.560000000000000000e+02 1.826416117479405868e-02
2.570000000000000000e+02 1.825547428423379345e-02
2.580000000000000000e+02 1.825288230573686443e-02
2.590000000000000000e+02 1.825125348005533082e-02
2.600000000000000000e+02 1.825001756664402716e-02
2.610000000000000000e+02 1.824676249926443852e-02
2.620000000000000000e+02 1.824430707308743321e-02
2.630000000000000000e+02 1.824354627350079777e-02
2.640000000000000000e+02 1.824326175164794200e-02
2.650000000000000000e+02 1.824270623270946023e-02
2.660000000000000000e+02 1.824191720425042545e-02
2.670000000000000000e+02 1.824090553489284353e-02
2.680000000000000000e+02 1.824065816242015706e-02
2.690000000000000000e+02 1.824043318478924675e-02
2.700000000000000000e+02 1.823975266323398306e-02
2.710000000000000000e+02 1.823907189741993257e-02
2.720000000000000000e+02 1.823834869075964191e-02
2.730000000000000000e+02 1.823725559513962244e-02
2.740000000000000000e+02 1.823632334809523886e-02
2.750000000000000000e+02 1.823531803012897606e-02
2.760000000000000000e+02 1.823479153699574321e-02
2.770000000000000000e+02 1.823422331383256143e-02
2.780000000000000000e+02 1.823371766801189578e-02
2.790000000000000000e+02 1.823309098860735264e-02
2.800000000000000000e+02 1.823258709803004043e-02
2.810000000000000000e+02 1.823157241175791393e-02
2.820000000000000000e+02 1.823047185251246496e-02
2.830000000000000000e+02 1.822903001479495716e-02
2.840000000000000000e+02 1.822679796180893402e-02
2.850000000000000000e+02 1.822329726861302707e-02
2.860000000000000000e+02 1.821909503046850037e-02
2.870000000000000000e+02 1.821632901226814122e-02
2.880000000000000000e+02 1.821399853397180982e-02
2.890000000000000000e+02 1.821335719385221499e-02
2.900000000000000000e+02 1.821280307402640616e-02
2.910000000000000000e+02 1.821120555322584128e-02
2.920000000000000000e+02 1.820894157830950377e-02
2.930000000000000000e+02 1.820793437693375705e-02
2.940000000000000000e+02 1.820585757810500374e-02
2.950000000000000000e+02 1.820512562548572133e-02
2.960000000000000000e+02 1.820469050352507487e-02
2.970000000000000000e+02 1.820356433832869339e-02
2.980000000000000000e+02 1.820223814385157901e-02
2.990000000000000000e+02 1.820157584296904982e-02
3.000000000000000000e+02 1.820074508643104369e-02
3.010000000000000000e+02 1.820043180006301192e-02
3.020000000000000000e+02 1.820024385499808758e-02
3.030000000000000000e+02 1.819944830414509801e-02
3.040000000000000000e+02 1.819860688589866604e-02
3.050000000000000000e+02 1.819816467557038714e-02
3.060000000000000000e+02 1.819765187363781359e-02
3.070000000000000000e+02 1.819710099356256633e-02
3.080000000000000000e+02 1.819624000392874169e-02
3.090000000000000000e+02 1.819471621769782471e-02
3.100000000000000000e+02 1.819238598774922805e-02
3.110000000000000000e+02 1.818814250532591395e-02
3.120000000000000000e+02 1.818574650306913065e-02
3.130000000000000000e+02 1.817988869621795650e-02
3.140000000000000000e+02 1.817496137982486937e-02
3.150000000000000000e+02 1.816991160045061671e-02
3.160000000000000000e+02 1.816692892869423842e-02
3.170000000000000000e+02 1.816380048877190567e-02
3.180000000000000000e+02 1.816140341105809339e-02
3.190000000000000000e+02 1.815796422281349201e-02
3.200000000000000000e+02 1.815383208638732260e-02
3.210000000000000000e+02 1.814723152004419499e-02
3.220000000000000000e+02 1.814214185185801520e-02
3.230000000000000000e+02 1.813779646803519510e-02
3.240000000000000000e+02 1.813175024583395592e-02
3.250000000000000000e+02 1.812525347981192372e-02
3.260000000000000000e+02 1.811646565544584864e-02
3.270000000000000000e+02 1.810407970478625575e-02
3.280000000000000000e+02 1.808813111654895833e-02
3.290000000000000000e+02 1.807337710726424421e-02
3.300000000000000000e+02 1.806368212404483101e-02
3.310000000000000000e+02 1.805642015905015857e-02
3.320000000000000000e+02 1.805096011932952327e-02
3.330000000000000000e+02 1.804069065998861396e-02
3.340000000000000000e+02 1.803520497645371909e-02
3.350000000000000000e+02 1.802984318478655090e-02
3.360000000000000000e+02 1.801998655323659021e-02
3.370000000000000000e+02 1.801473518168668006e-02
3.380000000000000000e+02 1.798929844760837823e-02
3.390000000000000000e+02 1.797351878637929237e-02
3.400000000000000000e+02 1.795568121931830075e-02
3.410000000000000000e+02 1.793603697844314143e-02
3.420000000000000000e+02 1.792774594474460040e-02
3.430000000000000000e+02 1.791935263048392152e-02
3.440000000000000000e+02 1.790955163815985754e-02
3.450000000000000000e+02 1.788428894424931234e-02
3.460000000000000000e+02 1.787135293292265587e-02
3.470000000000000000e+02 1.785872932947302552e-02
3.480000000000000000e+02 1.784444676982852376e-02
3.490000000000000000e+02 1.783862746762790441e-02
3.500000000000000000e+02 1.782973971036296706e-02
3.510000000000000000e+02 1.782286449879743120e-02
3.520000000000000000e+02 1.781851281369968565e-02
3.530000000000000000e+02 1.781416459522739901e-02
3.540000000000000000e+02 1.781174184375780220e-02
3.550000000000000000e+02 1.781058981028653398e-02
3.560000000000000000e+02 1.780993052360065748e-02
3.570000000000000000e+02 1.780835284461281670e-02
3.580000000000000000e+02 1.780612681003672024e-02
3.590000000000000000e+02 1.780546608816749310e-02
3.600000000000000000e+02 1.780426606444975371e-02
3.610000000000000000e+02 1.780326759816012669e-02
3.620000000000000000e+02 1.780293961050909146e-02
3.630000000000000000e+02 1.780266125822346779e-02
3.640000000000000000e+02 1.780244338152090974e-02
3.650000000000000000e+02 1.780195344763100748e-02
3.660000000000000000e+02 1.780091037757457195e-02
3.670000000000000000e+02 1.779949443991866304e-02
3.680000000000000000e+02 1.779756804572558970e-02
3.690000000000000000e+02 1.779276298505744897e-02
3.700000000000000000e+02 1.779177702782589604e-02
3.710000000000000000e+02 1.778737253142189528e-02
3.720000000000000000e+02 1.778315958874437594e-02
3.730000000000000000e+02 1.777627159029709913e-02
3.740000000000000000e+02 1.776866721153357032e-02
3.750000000000000000e+02 1.775947150694810739e-02
3.760000000000000000e+02 1.774583013248169985e-02
3.770000000000000000e+02 1.774225344394145254e-02
3.780000000000000000e+02 1.773758831407001510e-02
3.790000000000000000e+02 1.773689765555087547e-02
3.800000000000000000e+02 1.773611809196947234e-02
3.810000000000000000e+02 1.773448760080409067e-02
3.820000000000000000e+02 1.773210895813880431e-02
3.830000000000000000e+02 1.772960514357041842e-02
3.840000000000000000e+02 1.772845906840517932e-02
3.850000000000000000e+02 1.772689407250051252e-02
3.860000000000000000e+02 1.772606379804301385e-02
3.870000000000000000e+02 1.772549964945511342e-02
3.880000000000000000e+02 1.772514720833091861e-02
3.890000000000000000e+02 1.772482339293756856e-02
3.900000000000000000e+02 1.772465653020282791e-02
3.910000000000000000e+02 1.772350241167834975e-02
3.920000000000000000e+02 1.772317064103164086e-02
3.930000000000000000e+02 1.772286641973839713e-02
3.940000000000000000e+02 1.772268410164391447e-02
3.950000000000000000e+02 1.772240479655766421e-02
3.960000000000000000e+02 1.772155639917515069e-02
3.970000000000000000e+02 1.772103081012824100e-02
3.980000000000000000e+02 1.772017005133301806e-02
3.990000000000000000e+02 1.771982054260718906e-02
4.000000000000000000e+02 1.771962681222984462e-02
4.010000000000000000e+02 1.771949154299341453e-02
4.020000000000000000e+02 1.771918366452716886e-02
4.030000000000000000e+02 1.771835104967940319e-02
4.040000000000000000e+02 1.771715319914727096e-02
4.050000000000000000e+02 1.771564016297547464e-02
4.060000000000000000e+02 1.771381033711523154e-02
4.070000000000000000e+02 1.771244197544129262e-02
4.080000000000000000e+02 1.771142286578444858e-02
4.090000000000000000e+02 1.770925748418086115e-02
4.100000000000000000e+02 1.770780726362006230e-02
4.110000000000000000e+02 1.770336365414788837e-02
4.120000000000000000e+02 1.769920491818353578e-02
4.130000000000000000e+02 1.769359595431813439e-02
4.140000000000000000e+02 1.769025789552941888e-02
4.150000000000000000e+02 1.768717441198860291e-02
4.160000000000000000e+02 1.768673221549502475e-02
4.170000000000000000e+02 1.768630412998788842e-02
4.180000000000000000e+02 1.768615629379631862e-02
4.190000000000000000e+02 1.768595185865053793e-02
4.200000000000000000e+02 1.768553287978675420e-02
4.210000000000000000e+02 1.768522985792386412e-02
4.220000000000000000e+02 1.768490924463398187e-02
4.230000000000000000e+02 1.768413078529233393e-02
4.240000000000000000e+02 1.768382522166967244e-02
4.250000000000000000e+02 1.768330807869500018e-02
4.260000000000000000e+02 1.768261592619139316e-02
4.270000000000000000e+02 1.768156750912272188e-02
4.280000000000000000e+02 1.768142376875472474e-02
4.290000000000000000e+02 1.768103282655684311e-02
4.300000000000000000e+02 1.768073480637943548e-02
4.310000000000000000e+02 1.768054765466166300e-02
4.320000000000000000e+02 1.768018955494071037e-02
4.330000000000000000e+02 1.767978711902418523e-02
4.340000000000000000e+02 1.767952958746138795e-02
4.350000000000000000e+02 1.767918762249420447e-02
4.360000000000000000e+02 1.767897679826954671e-02
4.370000000000000000e+02 1.767853027763060733e-02
4.380000000000000000e+02 1.767795507653999176e-02
4.390000000000000000e+02 1.767759756542265290e-02
4.400000000000000000e+02 1.767749849141611596e-02
4.410000000000000000e+02 1.767726548202708942e-02
4.420000000000000000e+02 1.767719075195327630e-02
4.430000000000000000e+02 1.767707477951092204e-02
4.440000000000000000e+02 1.767693832159707851e-02
4.450000000000000000e+02 1.767663547263596813e-02
4.460000000000000000e+02 1.767556789643666762e-02
4.470000000000000000e+02 1.767462894782036512e-02
4.480000000000000000e+02 1.767403468423318566e-02
4.490000000000000000e+02 1.767364679315458834e-02
4.500000000000000000e+02 1.767311481981947985e-02
4.510000000000000000e+02 1.767253903771500573e-02
4.520000000000000000e+02 1.767177412193099775e-02
4.530000000000000000e+02 1.767110075333203772e-02
4.540000000000000000e+02 1.767089425173281464e-02
4.550000000000000000e+02 1.767085162877972751e-02
4.560000000000000000e+02 1.767079590335426942e-02
4.570000000000000000e+02 1.767070185452167264e-02
4.580000000000000000e+02 1.767048617563360749e-02
4.590000000000000000e+02 1.767037563692520907e-02
4.600000000000000000e+02 1.767009876246685568e-02
4.610000000000000000e+02 1.767002546350253736e-02
4.620000000000000000e+02 1.766995490907669747e-02
4.630000000000000000e+02 1.766981753093737825e-02
4.640000000000000000e+02 1.766969280480937265e-02
4.650000000000000000e+02 1.766960776553982287e-02
4.660000000000000000e+02 1.766954760350516324e-02
4.670000000000000000e+02 1.766951952418696972e-02
4.680000000000000000e+02 1.766947376664565819e-02
4.690000000000000000e+02 1.766939938924392411e-02
4.700000000000000000e+02 1.766928791057088138e-02
4.710000000000000000e+02 1.766918334574819893e-02
4.720000000000000000e+02 1.766905931361308774e-02
4.730000000000000000e+02 1.766890523922390668e-02
4.740000000000000000e+02 1.766867500669725907e-02
4.750000000000000000e+02 1.766862413138854324e-02
4.760000000000000000e+02 1.766845266872808795e-02
4.770000000000000000e+02 1.766839051802631538e-02
4.780000000000000000e+02 1.766831197789426114e-02
4.790000000000000000e+02 1.766822199340487703e-02
4.800000000000000000e+02 1.766811570131135434e-02
4.810000000000000000e+02 1.766804268793807989e-02
4.820000000000000000e+02 1.766786900029691104e-02
4.830000000000000000e+02 1.766765229774195159e-02
4.840000000000000000e+02 1.766748778526196217e-02
4.850000000000000000e+02 1.766710253987040583e-02
4.860000000000000000e+02 1.766692692135704915e-02
4.870000000000000000e+02 1.766688798042706510e-02
4.880000000000000000e+02 1.766679407968834922e-02
4.890000000000000000e+02 1.766672762735716634e-02
4.900000000000000000e+02 1.766657884302874973e-02
4.910000000000000000e+02 1.766654075783834904e-02
4.920000000000000000e+02 1.766646987440137831e-02
4.930000000000000000e+02 1.766639744906545531e-02
4.940000000000000000e+02 1.766633594710770999e-02
4.950000000000000000e+02 1.766631075581038060e-02
4.960000000000000000e+02 1.766629804783568375e-02
4.970000000000000000e+02 1.766627441614991578e-02
4.980000000000000000e+02 1.766625718024319308e-02
4.990000000000000000e+02 1.766621790306788231e-02
5.000000000000000000e+02 1.766620433352514286e-02
5.010000000000000000e+02 1.766618047235919350e-02
5.020000000000000000e+02 1.766617417247967267e-02
5.030000000000000000e+02 1.766616680090087391e-02
5.040000000000000000e+02 1.766615688787469621e-02
5.050000000000000000e+02 1.766613786704535061e-02
5.060000000000000000e+02 1.766613575238532713e-02
