1.000000000000000000e+00 3.804071992021919035e-01
2.000000000000000000e+00 3.757220442405448946e-01
3.000000000000000000e+00 3.715900887360992222e-01
4.000000000000000000e+00 3.642439112457010464e-01
5.000000000000000000e+00 2.998763713663499253e-01
6.000000000000000000e+00 2.883133440918591028e-01
7.000000000000000000e+00 2.742111270291265890e-01
8.000000000000000000e+00 2.522857820559608055e-01
9.000000000000000000e+00 2.479824642934033707e-01
1.000000000000000000e+01 2.457817970129521912e-01
1.100000000000000000e+01 2.455609392572601080e-01
1.200000000000000000e+01 2.455108925320307056e-01
1.300000000000000000e+01 2.453445061729783438e-01
1.400000000000000000e+01 2.447727457920593486e-01
1.500000000000000000e+01 2.441666133531591176e-01
1.600000000000000000e+01 2.438767073661800844e-01
1.700000000000000000e+01 2.434787326937419838e-01
1.800000000000000000e+01 2.433719660877267932e-01
1.900000000000000000e+01 2.433369996059252804e-01
2.000000000000000000e+01 2.432936835953785348e-01
2.100000000000000000e+01 2.432377794059464582e-01
2.200000000000000000e+01 2.431313835714375426e-01
2.300000000000000000e+01 2.428970111249365016e-01
2.400000000000000000e+01 2.425961103776238248e-01
2.500000000000000000e+01 2.418048785579803850e-01
2.600000000000000000e+01 2.396656934510828230e-01
2.700000000000000000e+01 2.370562719997325041e-01
2.800000000000000000e+01 2.362152093226197180e-01
2.900000000000000000e+01 2.276894808580419982e-01
3.000000000000000000e+01 2.242340270200509633e-01
3.100000000000000000e+01 2.113018412554485692e-01
3.200000000000000000e+01 2.041287828517516778e-01
3.300000000000000000e+01 1.912981063360177092e-01
3.400000000000000000e+01 1.696875604919322322e-01
3.500000000000000000e+01 1.680517182781202934e-01
3.600000000000000000e+01 1.624828074886591200e-01
3.700000000000000000e+01 1.589456163932551347e-01
3.800000000000000000e+01 1.586003881747086730e-01
3.900000000000000000e+01 1.576226800193865352e-01
4.000000000000000000e+01 1.574269418788601105e-01
4.100000000000000000e+01 1.573448663565317207e-01
4.200000000000000000e+01 1.573268854243341508e-01
4.300000000000000000e+01 1.573247741722789139e-01
4.400000000000000000e+01 1.573209927885009796e-01
4.500000000000000000e+01 1.573148631616511917e-01
4.600000000000000000e+01 1.573053756656067892e-01
4.700000000000000000e+01 1.572880593110549952e-01
4.800000000000000000e+01 1.572576139739350343e-01
4.900000000000000000e+01 1.572177102062374543e-01
5.000000000000000000e+01 1.571682721946073835e-01
5.100000000000000000e+01 1.571507548342088445e-01
5.200000000000000000e+01 1.571431144072630848e-01
5.300000000000000000e+01 1.571408117599679133e-01
5.400000000000000000e+01 1.571390981848605206e-01
5.500000000000000000e+01 1.571378659994568383e-01
5.600000000000000000e+01 1.571339165395472803e-01
5.700000000000000000e+01 1.571275537144919132e-01
5.800000000000000000e+01 1.571165785388066172e-01
5.900000000000000000e+01 1.571132030907004262e-01
6.000000000000000000e+01 1.570973979858016900e-01
6.100000000000000000e+01 1.570800508435816756e-01
6.200000000000000000e+01 1.570642702088531351e-01
6.300000000000000000e+01 1.570390019166457707e-01
6.400000000000000000e+01 1.569964206921297678e-01
6.500000000000000000e+01 1.569413545944911559e-01
6.600000000000000000e+01 1.568217391536776972e-01
6.700000000000000000e+01 1.566284330863333685e-01
6.800000000000000000e+01 1.564708718409636989e-01
6.900000000000000000e+01 1.564494908505243975e-01
7.000000000000000000e+01 1.564190897361474042e-01
7.100000000000000000e+01 1.563936995986440204e-01
7.200000000000000000e+01 1.563799685482073210e-01
7.300000000000000000e+01 1.563591853590607927e-01
7.400000000000000000e+01 1.563106411695519005e-01
7.500000000000000000e+01 1.562568633421197173e-01
7.600000000000000000e+01 1.562050047486068238e-01
7.700000000000000000e+01 1.561783220171236441e-01
7.800000000000000000e+01 1.561634682505451677e-01
7.900000000000000000e+01 1.561522267504018291e-01
8.000000000000000000e+01 1.561477801244523234e-01
8.100000000000000000e+01 1.561451337648830651e-01
8.200000000000000000e+01 1.561443172706142302e-01
8.300000000000000000e+01 1.561435174721768349e-01
8.400000000000000000e+01 1.561434109839778817e-01
8.500000000000000000e+01 1.561433976782181099e-01
8.600000000000000000e+01 1.561433946396894590e-01
8.700000000000000000e+01 1.561433932194858931e-01
