1.000000000000000000e+00 7.577933732713501569e-02
2.000000000000000000e+00 1.890690967948632090e-02
3.000000000000000000e+00 3.893767661275845081e-03
4.000000000000000000e+00 2.454116613928648046e-03
5.000000000000000000e+00 1.578011717003697124e-03
6.000000000000000000e+00 1.218905086448746327e-03
7.000000000000000000e+00 9.615120840184796522e-04
8.000000000000000000e+00 7.601716485011638172e-04
9.000000000000000000e+00 6.020339624513241237e-04
1.000000000000000000e+01 5.169327597491815392e-04
1.100000000000000000e+01 4.566644034742915921e-04
1.200000000000000000e+01 4.044390861145535118e-04
1.300000000000000000e+01 3.735071762772354032e-04
1.400000000000000000e+01 3.445870231184805857e-04
1.500000000000000000e+01 3.353214387265824855e-04
1.600000000000000000e+01 3.270193488683044783e-04
1.700000000000000000e+01 3.225592972681934996e-04
1.800000000000000000e+01 3.179958649741811551e-04
1.900000000000000000e+01 3.157868945643522562e-04
2.000000000000000000e+01 3.135835878952728645e-04
2.100000000000000000e+01 3.125614304081314357e-04
2.200000000000000000e+01 3.116543270431818913e-04
2.300000000000000000e+01 3.096271772360777380e-04
2.400000000000000000e+01 3.085948170126681656e-04
2.500000000000000000e+01 3.047451087889146547e-04
2.600000000000000000e+01 2.995106074660315891e-04
2.700000000000000000e+01 2.922472008072167027e-04
2.800000000000000000e+01 2.867277246948287447e-04
2.900000000000000000e+01 2.800126715708786077e-04
3.000000000000000000e+01 2.742355554993914464e-04
3.100000000000000000e+01 2.671227837372213971e-04
3.200000000000000000e+01 2.627280004700071128e-04
3.300000000000000000e+01 2.589862055844659584e-04
3.400000000000000000e+01 2.523163890241298464e-04
3.500000000000000000e+01 2.474770601206216589e-04
3.600000000000000000e+01 2.289344486497603014e-04
3.700000000000000000e+01 2.219034959987114424e-04
3.800000000000000000e+01 2.099860397521649438e-04
3.900000000000000000e+01 2.022703190391656641e-04
4.000000000000000000e+01 1.970945469602094992e-04
4.100000000000000000e+01 1.900383370414029103e-04
4.200000000000000000e+01 1.804346473703060034e-04
4.300000000000000000e+01 1.643715173331829541e-04
4.400000000000000000e+01 1.603945267790292341e-04
4.500000000000000000e+01 1.444236116163882821e-04
4.600000000000000000e+01 1.294550198356314010e-04
4.700000000000000000e+01 1.074017670153891608e-04
4.800000000000000000e+01 8.283612061154916782e-05
4.900000000000000000e+01 7.343954274055766881e-05
5.000000000000000000e+01 7.153253019228428733e-05
5.100000000000000000e+01 6.459675361742879963e-05
5.200000000000000000e+01 6.241408828118805347e-05
5.300000000000000000e+01 6.109188945307921122e-05
5.400000000000000000e+01 5.727958409822536510e-05
5.500000000000000000e+01 5.492389427955423351e-05
5.600000000000000000e+01 4.998875761924287777e-05
5.700000000000000000e+01 4.881231227013889141e-05
5.800000000000000000e+01 4.648186221848987429e-05
5.900000000000000000e+01 4.195939494032512257e-05
6.000000000000000000e+01 3.983583041838032780e-05
6.100000000000000000e+01 3.767904453755964450e-05
6.200000000000000000e+01 3.668304246131618882e-05
6.300000000000000000e+01 3.515346406836031203e-05
6.400000000000000000e+01 3.377386959955640223e-05
6.500000000000000000e+01 3.091977459208139408e-05
6.600000000000000000e+01 2.948082998328965890e-05
6.700000000000000000e+01 2.814643271430295517e-05
6.800000000000000000e+01 2.707526189993637687e-05
6.900000000000000000e+01 2.536608477445359815e-05
7.000000000000000000e+01 2.432984484702598033e-05
7.100000000000000000e+01 2.315724064503413111e-05
7.200000000000000000e+01 2.228801425942676659e-05
7.300000000000000000e+01 2.195066892018094961e-05
7.400000000000000000e+01 2.179601214349409876e-05
7.500000000000000000e+01 2.171767000741787584e-05
7.600000000000000000e+01 2.161565266722621193e-05
7.700000000000000000e+01 2.155026984082134415e-05
7.800000000000000000e+01 2.142551040704735872e-05
7.900000000000000000e+01 2.117896762335548107e-05
8.000000000000000000e+01 2.092244570144665008e-05
8.100000000000000000e+01 2.041678929828733544e-05
8.200000000000000000e+01 2.031123773679364966e-05
8.300000000000000000e+01 2.007304604453716000e-05
8.400000000000000000e+01 2.001547800933287823e-05
8.500000000000000000e+01 1.999217261401397495e-05
8.600000000000000000e+01 1.991316489189651068e-05
8.700000000000000000e+01 1.985114356560057340e-05
8.800000000000000000e+01 1.980991992982779898e-05
8.900000000000000000e+01 1.979083251331043757e-05
9.000000000000000000e+01 1.975593382695257973e-05
9.100000000000000000e+01 1.974786643092344955e-05
9.200000000000000000e+01 1.973351844756351126e-05
9.300000000000000000e+01 1.971601622737356640e-05
9.400000000000000000e+01 1.970214649415084058e-05
9.500000000000000000e+01 1.967343362029315467e-05
9.600000000000000000e+01 1.965534338588453684e-05
9.700000000000000000e+01 1.960707075676116845e-05
9.800000000000000000e+01 1.952950088066729401e-05
9.900000000000000000e+01 1.946801755537914131e-05
1.000000000000000000e+02 1.942126809340898315e-05
1.010000000000000000e+02 1.940679103463738693e-05
1.020000000000000000e+02 1.938087097289715142e-05
1.030000000000000000e+02 1.929314232076274912e-05
1.040000000000000000e+02 1.924002765294656139e-05
1.050000000000000000e+02 1.922045027587844450e-05
1.060000000000000000e+02 1.917908308694628292e-05
1.070000000000000000e+02 1.916500849691181975e-05
1.080000000000000000e+02 1.915203300302972084e-05
1.090000000000000000e+02 1.913919984984937102e-05
1.100000000000000000e+02 1.912214516146920382e-05
1.110000000000000000e+02 1.909686327796370977e-05
1.120000000000000000e+02 1.909040691222774417e-05
1.130000000000000000e+02 1.908176134941457972e-05
1.140000000000000000e+02 1.906980531590562206e-05
1.150000000000000000e+02 1.905507386228867407e-05
1.160000000000000000e+02 1.903427716110864688e-05
1.170000000000000000e+02 1.901996992246186415e-05
1.180000000000000000e+02 1.900748452588289230e-05
1.190000000000000000e+02 1.900437809463967933e-05
1.200000000000000000e+02 1.900087683406366054e-05
1.210000000000000000e+02 1.899842255523127710e-05
