1.000000000000000000e+00 3.157581857763460120e-01
2.000000000000000000e+00 1.805192385137175670e-01
3.000000000000000000e+00 1.294229448901271506e-01
4.000000000000000000e+00 1.123754659923135724e-01
5.000000000000000000e+00 9.766732345164251539e-02
6.000000000000000000e+00 7.742783515334111799e-02
7.000000000000000000e+00 7.048736084374454536e-02
8.000000000000000000e+00 6.756423167016820108e-02
9.000000000000000000e+00 6.073687618452945636e-02
1.000000000000000000e+01 5.797798555007604299e-02
1.100000000000000000e+01 5.638712262096532563e-02
1.200000000000000000e+01 5.319818358624532617e-02
1.300000000000000000e+01 5.076937106205214184e-02
1.400000000000000000e+01 4.924458470852135367e-02
1.500000000000000000e+01 4.752437582691011742e-02
1.600000000000000000e+01 4.597201167826894808e-02
1.700000000000000000e+01 4.472426470426246053e-02
1.800000000000000000e+01 4.375842290822835878e-02
1.900000000000000000e+01 4.203077806682837397e-02
2.000000000000000000e+01 4.049608462162213735e-02
2.100000000000000000e+01 3.925515923478927610e-02
2.200000000000000000e+01 3.834973619158601327e-02
2.300000000000000000e+01 3.762935868383281146e-02
2.400000000000000000e+01 3.694954623959602336e-02
2.500000000000000000e+01 3.656676517076020566e-02
2.600000000000000000e+01 3.622652603062362364e-02
2.700000000000000000e+01 3.585060870596381427e-02
2.800000000000000000e+01 3.550908688751756859e-02
2.900000000000000000e+01 3.488819918937041686e-02
3.000000000000000000e+01 3.419479992753637204e-02
3.100000000000000000e+01 3.407212397265754755e-02
3.200000000000000000e+01 3.358622499394858796e-02
3.300000000000000000e+01 3.349539433149014561e-02
3.400000000000000000e+01 3.336177010831528622e-02
3.500000000000000000e+01 3.310695110951412251e-02
3.600000000000000000e+01 3.295486346209861028e-02
3.700000000000000000e+01 3.269127645003901822e-02
3.800000000000000000e+01 3.251974270218309371e-02
3.900000000000000000e+01 3.244025600171927814e-02
4.000000000000000000e+01 3.236604742217318031e-02
4.100000000000000000e+01 3.228841389863423145e-02
4.200000000000000000e+01 3.217811347391346527e-02
4.300000000000000000e+01 3.205172101788827249e-02
4.400000000000000000e+01 3.187637658138536140e-02
4.500000000000000000e+01 3.169054910112831247e-02
4.600000000000000000e+01 3.158752911766805199e-02
4.700000000000000000e+01 3.147510362392129390e-02
4.800000000000000000e+01 3.138397924465077121e-02
4.900000000000000000e+01 3.120358091058842223e-02
5.000000000000000000e+01 3.095250983443692885e-02
5.100000000000000000e+01 3.076531327501902738e-02
5.200000000000000000e+01 3.064483927195453539e-02
5.300000000000000000e+01 3.058282443911610610e-02
5.400000000000000000e+01 3.048754337575817347e-02
5.500000000000000000e+01 3.044772512237890749e-02
5.600000000000000000e+01 3.037905220611226628e-02
5.700000000000000000e+01 3.031933655542204051e-02
5.800000000000000000e+01 3.026131400429726143e-02
5.900000000000000000e+01 3.020918143275057310e-02
6.000000000000000000e+01 3.015988062308659623e-02
6.100000000000000000e+01 3.012316191717668082e-02
6.200000000000000000e+01 3.007652408253621429e-02
6.300000000000000000e+01 3.002971028967623898e-02
6.400000000000000000e+01 3.000201226593550777e-02
6.500000000000000000e+01 2.994889832812245092e-02
6.600000000000000000e+01 2.990988161094153275e-02
6.700000000000000000e+01 2.983937628221462399e-02
6.800000000000000000e+01 2.975897539010805004e-02
6.900000000000000000e+01 2.970253192554861768e-02
7.000000000000000000e+01 2.957591028050806509e-02
7.100000000000000000e+01 2.951257433491912691e-02
7.200000000000000000e+01 2.946439217398875640e-02
7.300000000000000000e+01 2.942376273655459076e-02
7.400000000000000000e+01 2.933651707352510560e-02
7.500000000000000000e+01 2.919735517018281351e-02
7.600000000000000000e+01 2.911325854426451490e-02
7.700000000000000000e+01 2.899499140994700117e-02
7.800000000000000000e+01 2.892862921034977317e-02
7.900000000000000000e+01 2.883418795377430677e-02
8.000000000000000000e+01 2.869133766150912951e-02
8.100000000000000000e+01 2.864462263068183467e-02
8.200000000000000000e+01 2.848693074296819797e-02
8.300000000000000000e+01 2.840643801786591968e-02
8.400000000000000000e+01 2.831100091199478808e-02
8.500000000000000000e+01 2.818818748433782675e-02
8.600000000000000000e+01 2.810900630740508291e-02
8.700000000000000000e+01 2.793661923086221063e-02
8.800000000000000000e+01 2.785525632376653973e-02
8.900000000000000000e+01 2.776697356247000842e-02
9.000000000000000000e+01 2.766650635794320676e-02
9.100000000000000000e+01 2.758512780159576988e-02
9.200000000000000000e+01 2.753514307557796553e-02
9.300000000000000000e+01 2.744988294295875111e-02
9.400000000000000000e+01 2.740906918345623403e-02
9.500000000000000000e+01 2.734174539949765781e-02
9.600000000000000000e+01 2.729969367205321851e-02
9.700000000000000000e+01 2.726514579122593304e-02
9.800000000000000000e+01 2.721278939476001399e-02
9.900000000000000000e+01 2.717309119977217788e-02
1.000000000000000000e+02 2.710996632065432177e-02
1.010000000000000000e+02 2.704286062108388414e-02
1.020000000000000000e+02 2.696891381708651364e-02
1.030000000000000000e+02 2.686837943359433878e-02
1.040000000000000000e+02 2.680938309271684375e-02
1.050000000000000000e+02 2.672413108802108514e-02
1.060000000000000000e+02 2.663409945304137313e-02
1.070000000000000000e+02 2.655082437172316678e-02
1.080000000000000000e+02 2.647200673514151642e-02
1.090000000000000000e+02 2.640582795953972869e-02
1.100000000000000000e+02 2.633752607282737607e-02
1.110000000000000000e+02 2.628915597903487208e-02
1.120000000000000000e+02 2.623744880707976762e-02
1.130000000000000000e+02 2.619540832103038619e-02
1.140000000000000000e+02 2.612202542977865374e-02
1.150000000000000000e+02 2.605479628947101473e-02
1.160000000000000000e+02 2.601870422040814326e-02
1.170000000000000000e+02 2.598033138842698389e-02
1.180000000000000000e+02 2.592121687612626915e-02
1.190000000000000000e+02 2.583535936548146672e-02
1.200000000000000000e+02 2.573748771429102203e-02
1.210000000000000000e+02 2.565457278303308331e-02
1.220000000000000000e+02 2.556191463445400477e-02
1.230000000000000000e+02 2.549713711275907596e-02
1.240000000000000000e+02 2.543240668246882219e-02
1.250000000000000000e+02 2.532729789749161090e-02
1.260000000000000000e+02 2.523914379658084503e-02
1.270000000000000000e+02 2.512667014174896352e-02
1.280000000000000000e+02 2.503615908383587108e-02
1.290000000000000000e+02 2.495733246774600733e-02
1.300000000000000000e+02 2.485384199704597161e-02
1.310000000000000000e+02 2.472246926119898297e-02
1.320000000000000000e+02 2.463492612236116430e-02
1.330000000000000000e+02 2.454528166218022250e-02
1.340000000000000000e+02 2.447130381492191101e-02
1.350000000000000000e+02 2.440825285854178808e-02
1.360000000000000000e+02 2.432065081566357409e-02
1.370000000000000000e+02 2.423484047184906384e-02
1.380000000000000000e+02 2.417603540687881733e-02
1.390000000000000000e+02 2.412138629682527083e-02
1.400000000000000000e+02 2.407568392163918561e-02
1.410000000000000000e+02 2.402113052124865353e-02
1.420000000000000000e+02 2.401389483816699158e-02
1.430000000000000000e+02 2.394963948656502264e-02
1.440000000000000000e+02 2.392357637167076209e-02
1.450000000000000000e+02 2.388260760436235891e-02
1.460000000000000000e+02 2.384517347264686685e-02
1.470000000000000000e+02 2.380263728178615840e-02
1.480000000000000000e+02 2.377355501507810373e-02
1.490000000000000000e+02 2.374584910552695119e-02
1.500000000000000000e+02 2.370443981322803428e-02
1.510000000000000000e+02 2.365545475312503046e-02
1.520000000000000000e+02 2.362438798590545119e-02
1.530000000000000000e+02 2.359608245468220247e-02
1.540000000000000000e+02 2.358363487841589473e-02
1.550000000000000000e+02 2.356844212869332184e-02
1.560000000000000000e+02 2.353535250450111693e-02
1.570000000000000000e+02 2.350479916567337069e-02
1.580000000000000000e+02 2.347201405062926752e-02
1.590000000000000000e+02 2.345630597887918278e-02
1.600000000000000000e+02 2.344932096302716415e-02
1.610000000000000000e+02 2.344100021604595199e-02
1.620000000000000000e+02 2.341245383488808202e-02
