4.072491277751343897e-01
7.604244064773008072e-01
8.554090348259705268e-01
4.610300785869336226e-01
-3.995794527100653970e-01
5.535818071069047441e-01
8.202707492820761059e-01
2.163634519502810327e-01
2.374246727837658888e-01
-6.084260859543302313e-01
2.574078612025557655e-01
5.558328169087283221e-01
-1.043356832780105714e+00
-4.502359836026985085e-01
7.064386375434429377e-01
1.075437054682632398e+00
7.965254768052805190e-01
-2.928115607726660130e-01
1.094305467490542805e+00
1.039170880069722580e+00
8.502209958394671974e-01
1.803127901407581613e+00
6.383057347131239068e-01
1.412957518636706322e-01
-1.848535164747883153e-01
1.063858560821444588e+00
5.125377309793375247e-01
1.686421062197950016e-01
1.534658651977516275e+00
4.132621154689135046e-01
-7.276396234035614752e-01
7.860463919511000430e-01
1.404407963500464929e+00
6.861844932736165248e-01
-2.905234271379712463e-01
9.272763593268364968e-01
1.173765399959165956e+00
9.803496462360683505e-01
2.836298214984481758e-01
6.175126600814896394e-01
-7.439737873172420912e-02
5.128099729626035552e-01
1.571167400294286587e+00
2.105098205836900549e-01
7.817971302085533480e-01
8.662454017969943854e-01
4.748919818300852969e-01
1.342044693702240665e-01
