1.710596720424458483e-01
-3.029746803122703169e-01
1.671340582658530138e+00
8.607340785146239126e-01
1.082669956835042857e+00
2.655760726323068144e-01
3.590634450133211697e+00
3.765726346766888333e-01
-1.194464484242796054e+00
4.069409439512325921e-01
-1.929941008824428650e+00
-6.018332959291388118e-01
2.089034437124299287e-02
9.721179554001165846e-01
4.415396451488979856e-01
1.382684160985846455e+00
5.326504768968793879e-01
1.472294019227671003e+00
2.666151257778527350e-01
6.939645705942246723e-01
-1.121826846662873134e+00
1.776917248696726903e-01
-3.558738477763241370e-01
8.870511114101536920e-01
1.251657264913444534e+00
1.775787009694445584e-01
6.394392554102309445e-01
-6.469180536453578156e-01
2.092785132555480487e+00
-1.373059474605287322e+00
1.689162364605771405e+00
8.704639633701326262e-02
