1.000000000000000000e+00 2.423710097196614399e-01
2.000000000000000000e+00 1.881674988516470748e-01
3.000000000000000000e+00 1.469487568099285546e-01
4.000000000000000000e+00 1.377508644135756188e-01
5.000000000000000000e+00 1.326576554904352057e-01
6.000000000000000000e+00 1.198536795680871930e-01
7.000000000000000000e+00 1.069381283662397264e-01
8.000000000000000000e+00 9.926666710821355211e-02
9.000000000000000000e+00 9.194561207840595829e-02
1.000000000000000000e+01 8.454637566301698159e-02
1.100000000000000000e+01 8.293716099028439204e-02
1.200000000000000000e+01 8.190490614310176609e-02
1.300000000000000000e+01 8.154729606265778696e-02
1.400000000000000000e+01 8.131043240334338840e-02
1.500000000000000000e+01 8.012253186509919745e-02
1.600000000000000000e+01 7.918396651017768628e-02
1.700000000000000000e+01 7.785852623506661629e-02
1.800000000000000000e+01 7.696441918707197516e-02
1.900000000000000000e+01 7.621710489388795751e-02
2.000000000000000000e+01 7.576506774472217820e-02
2.100000000000000000e+01 7.565695319257975671e-02
2.200000000000000000e+01 7.552652470454869482e-02
2.300000000000000000e+01 7.544367736875338959e-02
2.400000000000000000e+01 7.531567221158175229e-02
2.500000000000000000e+01 7.522766592052350376e-02
2.600000000000000000e+01 7.517685366568298277e-02
2.700000000000000000e+01 7.507388160685037060e-02
2.800000000000000000e+01 7.495436849030624737e-02
2.900000000000000000e+01 7.485049348874334152e-02
3.000000000000000000e+01 7.462596658843714814e-02
3.100000000000000000e+01 7.454609449643333219e-02
3.200000000000000000e+01 7.451669308947560244e-02
3.300000000000000000e+01 7.448088508040623390e-02
3.400000000000000000e+01 7.447541853961388292e-02
3.500000000000000000e+01 7.446737244631038144e-02
3.600000000000000000e+01 7.446432242809686297e-02
3.700000000000000000e+01 7.445943416904304835e-02
3.800000000000000000e+01 7.445722242253721701e-02
3.900000000000000000e+01 7.445502032159342920e-02
4.000000000000000000e+01 7.445102665726201219e-02
4.100000000000000000e+01 7.444830680543855495e-02
4.200000000000000000e+01 7.444444348409542944e-02
4.300000000000000000e+01 7.444226817131494034e-02
4.400000000000000000e+01 7.444078674701913589e-02
4.500000000000000000e+01 7.443935599177624318e-02
4.600000000000000000e+01 7.443772174750405701e-02
4.700000000000000000e+01 7.443732123316043614e-02
4.800000000000000000e+01 7.443684291129795683e-02
4.900000000000000000e+01 7.443591657421089192e-02
5.000000000000000000e+01 7.443554894348761164e-02
5.100000000000000000e+01 7.443440668359230239e-02
5.200000000000000000e+01 7.443406547803578521e-02
5.300000000000000000e+01 7.443373154621017729e-02
5.400000000000000000e+01 7.443339220938226253e-02
5.500000000000000000e+01 7.443296997593307207e-02
5.600000000000000000e+01 7.443271122863848177e-02
5.700000000000000000e+01 7.443222782974921736e-02
5.800000000000000000e+01 7.443197561056563716e-02
5.900000000000000000e+01 7.443161024484158672e-02
6.000000000000000000e+01 7.443098391483216059e-02
6.100000000000000000e+01 7.443047538092044391e-02
6.200000000000000000e+01 7.443034677909400598e-02
6.300000000000000000e+01 7.443012464442029519e-02
6.400000000000000000e+01 7.443007087767532226e-02
6.500000000000000000e+01 7.443002028144665716e-02
6.600000000000000000e+01 7.442999870229634329e-02
6.700000000000000000e+01 7.442998899830885473e-02
6.800000000000000000e+01 7.442997658255003091e-02
6.900000000000000000e+01 7.442996507512153470e-02
7.000000000000000000e+01 7.442995643494583480e-02
7.100000000000000000e+01 7.442994997101189114e-02
7.200000000000000000e+01 7.442993866579010465e-02
7.300000000000000000e+01 7.442993614387247159e-02
7.400000000000000000e+01 7.442993295109617824e-02
7.500000000000000000e+01 7.442992917342737547e-02
7.600000000000000000e+01 7.442992841715842522e-02
