1.000000000000000000e+00 9.417863703097795192e-01
2.000000000000000000e+00 4.123587046152202840e-01
3.000000000000000000e+00 2.549656581243028297e-01
4.000000000000000000e+00 1.751585678659591527e-01
5.000000000000000000e+00 1.666039568898645962e-01
6.000000000000000000e+00 1.573613822017274899e-01
7.000000000000000000e+00 1.418937822500020707e-01
8.000000000000000000e+00 1.159773555167863540e-01
9.000000000000000000e+00 1.107472593959136775e-01
1.000000000000000000e+01 1.038546135007847593e-01
1.100000000000000000e+01 9.395298472625121522e-02
1.200000000000000000e+01 8.666998057752227369e-02
1.300000000000000000e+01 7.156531898178425388e-02
1.400000000000000000e+01 6.743414478668839640e-02
1.500000000000000000e+01 6.342081218616041349e-02
1.600000000000000000e+01 5.919447061264327542e-02
1.700000000000000000e+01 5.602537819232802224e-02
1.800000000000000000e+01 5.242665836605590879e-02
1.900000000000000000e+01 5.075716890410236076e-02
2.000000000000000000e+01 4.998542664028742671e-02
2.100000000000000000e+01 4.931111948106155218e-02
2.200000000000000000e+01 4.720701838890417612e-02
2.300000000000000000e+01 4.632251326567295158e-02
2.400000000000000000e+01 4.544856328087231584e-02
2.500000000000000000e+01 4.492181637542921185e-02
2.600000000000000000e+01 4.464160644697323654e-02
2.700000000000000000e+01 4.452836517009876177e-02
2.800000000000000000e+01 4.435892719106654392e-02
2.900000000000000000e+01 4.424264492436719154e-02
3.000000000000000000e+01 4.397738711127799349e-02
3.100000000000000000e+01 4.379809327464160434e-02
3.200000000000000000e+01 4.362441233161426513e-02
3.300000000000000000e+01 4.332610891743433890e-02
3.400000000000000000e+01 4.327016548059060830e-02
3.500000000000000000e+01 4.315100578359348099e-02
3.600000000000000000e+01 4.306408353061938477e-02
3.700000000000000000e+01 4.286865811824503575e-02
3.800000000000000000e+01 4.262175658337378353e-02
3.900000000000000000e+01 4.236021920881984093e-02
4.000000000000000000e+01 4.211978590551212348e-02
4.100000000000000000e+01 4.204681199571742856e-02
4.200000000000000000e+01 4.175243317864008735e-02
4.300000000000000000e+01 4.153149628198907900e-02
4.400000000000000000e+01 4.129239740635577693e-02
4.500000000000000000e+01 4.102079818412628087e-02
4.600000000000000000e+01 4.090358525233844800e-02
4.700000000000000000e+01 4.076293392455968695e-02
4.800000000000000000e+01 4.066271720467860146e-02
4.900000000000000000e+01 4.053553795225774831e-02
5.000000000000000000e+01 4.043890135372704697e-02
5.100000000000000000e+01 4.027509528348276191e-02
5.200000000000000000e+01 4.020974548397531628e-02
5.300000000000000000e+01 4.015617797459483662e-02
5.400000000000000000e+01 4.008459279894409366e-02
5.500000000000000000e+01 3.997923280768601872e-02
5.600000000000000000e+01 3.990263264257250947e-02
5.700000000000000000e+01 3.982944043003786710e-02
5.800000000000000000e+01 3.978141934970944038e-02
5.900000000000000000e+01 3.972480028230813975e-02
6.000000000000000000e+01 3.966091304049281646e-02
6.100000000000000000e+01 3.957265168345259349e-02
6.200000000000000000e+01 3.944781590135869320e-02
6.300000000000000000e+01 3.928053154479634046e-02
6.400000000000000000e+01 3.906471420630408531e-02
6.500000000000000000e+01 3.882697635953303444e-02
6.600000000000000000e+01 3.867443028246709408e-02
6.700000000000000000e+01 3.840743476169009019e-02
6.800000000000000000e+01 3.827786501220289961e-02
6.900000000000000000e+01 3.818202472292227256e-02
7.000000000000000000e+01 3.806982469643936662e-02
7.100000000000000000e+01 3.799305791783854497e-02
7.200000000000000000e+01 3.792428331860600577e-02
7.300000000000000000e+01 3.781502599008009641e-02
7.400000000000000000e+01 3.756977789777841970e-02
7.500000000000000000e+01 3.723836762130226102e-02
7.600000000000000000e+01 3.705451733784612123e-02
7.700000000000000000e+01 3.665655715162614153e-02
7.800000000000000000e+01 3.632858850762555464e-02
7.900000000000000000e+01 3.608656113683266636e-02
8.000000000000000000e+01 3.579606048535443480e-02
8.100000000000000000e+01 3.542719802235310550e-02
8.200000000000000000e+01 3.508696876577448859e-02
8.300000000000000000e+01 3.503688103559593481e-02
8.400000000000000000e+01 3.490197944533070251e-02
8.500000000000000000e+01 3.479620060512107760e-02
8.600000000000000000e+01 3.469145034396985822e-02
8.700000000000000000e+01 3.451372642444074795e-02
8.800000000000000000e+01 3.440782842973134220e-02
8.900000000000000000e+01 3.413193816813617915e-02
9.000000000000000000e+01 3.398461558834849072e-02
9.100000000000000000e+01 3.383458295829414736e-02
9.200000000000000000e+01 3.366756847061904562e-02
9.300000000000000000e+01 3.358743645716642107e-02
9.400000000000000000e+01 3.349998581807663023e-02
9.500000000000000000e+01 3.343137362814366242e-02
9.600000000000000000e+01 3.336692606254738902e-02
9.700000000000000000e+01 3.335755854323824154e-02
9.800000000000000000e+01 3.329447594214389461e-02
9.900000000000000000e+01 3.328014863711099836e-02
1.000000000000000000e+02 3.325685758944297438e-02
1.010000000000000000e+02 3.322728663060780380e-02
1.020000000000000000e+02 3.319644287299258756e-02
1.030000000000000000e+02 3.318134890685826149e-02
1.040000000000000000e+02 3.314491289261545931e-02
1.050000000000000000e+02 3.311573610997460559e-02
1.060000000000000000e+02 3.308326847809601318e-02
1.070000000000000000e+02 3.305361676012900929e-02
1.080000000000000000e+02 3.299918563619467365e-02
1.090000000000000000e+02 3.292832836980837119e-02
1.100000000000000000e+02 3.289390367077268257e-02
1.110000000000000000e+02 3.283683834301270865e-02
1.120000000000000000e+02 3.279588565208960138e-02
1.130000000000000000e+02 3.277636012266461202e-02
1.140000000000000000e+02 3.275370286887815952e-02
1.150000000000000000e+02 3.274944117402871224e-02
1.160000000000000000e+02 3.271089258188992349e-02
1.170000000000000000e+02 3.269619861819670487e-02
1.180000000000000000e+02 3.267106011018965084e-02
1.190000000000000000e+02 3.265853988437986133e-02
1.200000000000000000e+02 3.261038831284662765e-02
1.210000000000000000e+02 3.258510508958434998e-02
1.220000000000000000e+02 3.255937146528952580e-02
1.230000000000000000e+02 3.251569944732977252e-02
1.240000000000000000e+02 3.247122596175220505e-02
1.250000000000000000e+02 3.241660640864631876e-02
1.260000000000000000e+02 3.238248619749674317e-02
1.270000000000000000e+02 3.235679987816807851e-02
1.280000000000000000e+02 3.232951825967964044e-02
1.290000000000000000e+02 3.230515475887526383e-02
1.300000000000000000e+02 3.227837590533196022e-02
1.310000000000000000e+02 3.226196761724772766e-02
1.320000000000000000e+02 3.224920991139638288e-02
1.330000000000000000e+02 3.221460592576347315e-02
1.340000000000000000e+02 3.216886056049321485e-02
1.350000000000000000e+02 3.212573581463120526e-02
1.360000000000000000e+02 3.210028013978610123e-02
1.370000000000000000e+02 3.206853748001832483e-02
1.380000000000000000e+02 3.204407198389668671e-02
1.390000000000000000e+02 3.202376325267849294e-02
1.400000000000000000e+02 3.200309317839823697e-02
1.410000000000000000e+02 3.199596939896857256e-02
1.420000000000000000e+02 3.198409710194442812e-02
1.430000000000000000e+02 3.196690726711252928e-02
1.440000000000000000e+02 3.195297698562676869e-02
1.450000000000000000e+02 3.194229895773926381e-02
1.460000000000000000e+02 3.193738139708878626e-02
1.470000000000000000e+02 3.193410372098905853e-02
1.480000000000000000e+02 3.193005170413842214e-02
1.490000000000000000e+02 3.191940682970784843e-02
1.500000000000000000e+02 3.191524020796277644e-02
1.510000000000000000e+02 3.190921119135092798e-02
1.520000000000000000e+02 3.189702854723934500e-02
1.530000000000000000e+02 3.188807987930943055e-02
1.540000000000000000e+02 3.187195850612367654e-02
1.550000000000000000e+02 3.185540246087547461e-02
1.560000000000000000e+02 3.184457787613071550e-02
1.570000000000000000e+02 3.181859370160892986e-02
1.580000000000000000e+02 3.180578255333936510e-02
1.590000000000000000e+02 3.177757500371927030e-02
1.600000000000000000e+02 3.175090899229005698e-02
1.610000000000000000e+02 3.171633368872148195e-02
1.620000000000000000e+02 3.169926634986525160e-02
1.630000000000000000e+02 3.167535470119550028e-02
1.640000000000000000e+02 3.164403273334789879e-02
1.650000000000000000e+02 3.161665335323374237e-02
1.660000000000000000e+02 3.159377902649680714e-02
1.670000000000000000e+02 3.155748505431371642e-02
1.680000000000000000e+02 3.153326695100892169e-02
1.690000000000000000e+02 3.151447817978966781e-02
1.700000000000000000e+02 3.146892224652858561e-02
1.710000000000000000e+02 3.143554958255822401e-02
1.720000000000000000e+02 3.137853593402061686e-02
1.730000000000000000e+02 3.131940776305117136e-02
1.740000000000000000e+02 3.124910456852600035e-02
1.750000000000000000e+02 3.118353654418512533e-02
1.760000000000000000e+02 3.111532676061546862e-02
1.770000000000000000e+02 3.103590664470193619e-02
1.780000000000000000e+02 3.090344288980571841e-02
1.790000000000000000e+02 3.082615550579855673e-02
1.800000000000000000e+02 3.076804514423104805e-02
1.810000000000000000e+02 3.069415823374799235e-02
1.820000000000000000e+02 3.063747625450050083e-02
1.830000000000000000e+02 3.059650150139560029e-02
1.840000000000000000e+02 3.053497622700323752e-02
1.850000000000000000e+02 3.046357009299565169e-02
1.860000000000000000e+02 3.039790491899550112e-02
1.870000000000000000e+02 3.036021666400498184e-02
1.880000000000000000e+02 3.032653837246011841e-02
1.890000000000000000e+02 3.028320240135673816e-02
1.900000000000000000e+02 3.023359076516620239e-02
1.910000000000000000e+02 3.020879872378926662e-02
1.920000000000000000e+02 3.016784611485258047e-02
1.930000000000000000e+02 3.014481770321546933e-02
1.940000000000000000e+02 3.011320000623383605e-02
1.950000000000000000e+02 3.008544257804307218e-02
1.960000000000000000e+02 3.005637872427862484e-02
1.970000000000000000e+02 3.000767894641274622e-02
1.980000000000000000e+02 2.994143287751403065e-02
1.990000000000000000e+02 2.988492719973186162e-02
2.000000000000000000e+02 2.984634862324597390e-02
2.010000000000000000e+02 2.982641228230001329e-02
2.020000000000000000e+02 2.980598250027800822e-02
2.030000000000000000e+02 2.977635233968577155e-02
2.040000000000000000e+02 2.977173302852150621e-02
2.050000000000000000e+02 2.975062311061806367e-02
2.060000000000000000e+02 2.974511155848258426e-02
2.070000000000000000e+02 2.973435435455745388e-02
2.080000000000000000e+02 2.972122394305927104e-02
2.090000000000000000e+02 2.970346031092101213e-02
2.100000000000000000e+02 2.968181534041097400e-02
2.110000000000000000e+02 2.966925328040815810e-02
2.120000000000000000e+02 2.965327958032451874e-02
2.130000000000000000e+02 2.963734337677672095e-02
2.140000000000000000e+02 2.962606666063499414e-02
2.150000000000000000e+02 2.960832950361761209e-02
2.160000000000000000e+02 2.960124676218055251e-02
2.170000000000000000e+02 2.959065132994788405e-02
2.180000000000000000e+02 2.958221476899446090e-02
2.190000000000000000e+02 2.956883727185802280e-02
2.200000000000000000e+02 2.955198901970199771e-02
2.210000000000000000e+02 2.953560453122150431e-02
2.220000000000000000e+02 2.952291509495840946e-02
2.230000000000000000e+02 2.951283732498412304e-02
2.240000000000000000e+02 2.951046180457136958e-02
2.250000000000000000e+02 2.949948810072417632e-02
2.260000000000000000e+02 2.949529557919021786e-02
2.270000000000000000e+02 2.949175308683365387e-02
2.280000000000000000e+02 2.948634542229120609e-02
2.290000000000000000e+02 2.948258959062511134e-02
2.300000000000000000e+02 2.947659397069364237e-02
2.310000000000000000e+02 2.947347221003014314e-02
2.320000000000000000e+02 2.947009674112523181e-02
2.330000000000000000e+02 2.946729481750259491e-02
2.340000000000000000e+02 2.946427110827255780e-02
2.350000000000000000e+02 2.946110030448453182e-02
2.360000000000000000e+02 2.945782124386402134e-02
2.370000000000000000e+02 2.945572900141450734e-02
2.380000000000000000e+02 2.945311451533575570e-02
2.390000000000000000e+02 2.945201072643610640e-02
2.400000000000000000e+02 2.945027639006414857e-02
2.410000000000000000e+02 2.944846339456064221e-02
2.420000000000000000e+02 2.944592204965950852e-02
2.430000000000000000e+02 2.944323197875649972e-02
2.440000000000000000e+02 2.943967691909258472e-02
2.450000000000000000e+02 2.943562581040970461e-02
2.460000000000000000e+02 2.943063003167900940e-02
2.470000000000000000e+02 2.942439750924828734e-02
2.480000000000000000e+02 2.942078685179264769e-02
2.490000000000000000e+02 2.941939790763087662e-02
2.500000000000000000e+02 2.941718597913281497e-02
2.510000000000000000e+02 2.941503452420381887e-02
2.520000000000000000e+02 2.941317622600070000e-02
2.530000000000000000e+02 2.941035955721387277e-02
2.540000000000000000e+02 2.940917186927955243e-02
2.550000000000000000e+02 2.940769266201886251e-02
2.560000000000000000e+02 2.940573063839965404e-02
2.570000000000000000e+02 2.940312138851184851e-02
2.580000000000000000e+02 2.940245422458212521e-02
2.590000000000000000e+02 2.939952121214980951e-02
2.600000000000000000e+02 2.939864869090473912e-02
2.610000000000000000e+02 2.939729684746068827e-02
2.620000000000000000e+02 2.939495204746192525e-02
2.630000000000000000e+02 2.939093741630495471e-02
2.640000000000000000e+02 2.939023548534315522e-02
2.650000000000000000e+02 2.938595493839011447e-02
2.660000000000000000e+02 2.938486343145518473e-02
2.670000000000000000e+02 2.938213440894448664e-02
2.680000000000000000e+02 2.937761590291636943e-02
2.690000000000000000e+02 2.937309265536645550e-02
2.700000000000000000e+02 2.936868937170307101e-02
2.710000000000000000e+02 2.936627805706260030e-02
2.720000000000000000e+02 2.936435457715898950e-02
2.730000000000000000e+02 2.936120651809372498e-02
2.740000000000000000e+02 2.935718741234782589e-02
2.750000000000000000e+02 2.935353625107803288e-02
2.760000000000000000e+02 2.935220892554865277e-02
2.770000000000000000e+02 2.934975372781992511e-02
2.780000000000000000e+02 2.934756616453026642e-02
2.790000000000000000e+02 2.934591313922293998e-02
2.800000000000000000e+02 2.934423153413859633e-02
2.810000000000000000e+02 2.934373718585100987e-02
2.820000000000000000e+02 2.934308926311766930e-02
2.830000000000000000e+02 2.934240474062963649e-02
2.840000000000000000e+02 2.934174475674018734e-02
2.850000000000000000e+02 2.934104426183968203e-02
2.860000000000000000e+02 2.934006832620195127e-02
2.870000000000000000e+02 2.933831544430328883e-02
2.880000000000000000e+02 2.933621825619105172e-02
2.890000000000000000e+02 2.933433511133594351e-02
2.900000000000000000e+02 2.933174888456049206e-02
2.910000000000000000e+02 2.933019025462952484e-02
2.920000000000000000e+02 2.932812424175418667e-02
2.930000000000000000e+02 2.932612581145234432e-02
2.940000000000000000e+02 2.932520079339610841e-02
2.950000000000000000e+02 2.932426742425116306e-02
2.960000000000000000e+02 2.932284268705877966e-02
2.970000000000000000e+02 2.932198247358137541e-02
2.980000000000000000e+02 2.932076489840341679e-02
2.990000000000000000e+02 2.931916659823109381e-02
3.000000000000000000e+02 2.931837892533261866e-02
3.010000000000000000e+02 2.931726419412337969e-02
3.020000000000000000e+02 2.931664798092299684e-02
3.030000000000000000e+02 2.931606910869378677e-02
3.040000000000000000e+02 2.931504118647655990e-02
3.050000000000000000e+02 2.931457391865303908e-02
3.060000000000000000e+02 2.931368016400277485e-02
3.070000000000000000e+02 2.931298600585328235e-02
3.080000000000000000e+02 2.931188006088852188e-02
3.090000000000000000e+02 2.931024599161704408e-02
3.100000000000000000e+02 2.930831546168290169e-02
3.110000000000000000e+02 2.930700624203373683e-02
3.120000000000000000e+02 2.930647219935981346e-02
3.130000000000000000e+02 2.930598911434946149e-02
3.140000000000000000e+02 2.930552114399186461e-02
3.150000000000000000e+02 2.930371999061433946e-02
3.160000000000000000e+02 2.930314593077102195e-02
3.170000000000000000e+02 2.930215894784388847e-02
3.180000000000000000e+02 2.930127062623091166e-02
3.190000000000000000e+02 2.930063124121857002e-02
3.200000000000000000e+02 2.930049104011352851e-02
3.210000000000000000e+02 2.930000096947379951e-02
3.220000000000000000e+02 2.929982997966935898e-02
3.230000000000000000e+02 2.929957764225397249e-02
3.240000000000000000e+02 2.929930327904284662e-02
3.250000000000000000e+02 2.929914301252802000e-02
3.260000000000000000e+02 2.929876306761156068e-02
3.270000000000000000e+02 2.929867022039092661e-02
