1.000000000000000000e+00 3.650160903825633851e-01
2.000000000000000000e+00 3.241030009557255842e-01
3.000000000000000000e+00 2.784623280100601561e-01
4.000000000000000000e+00 2.535398693789939761e-01
5.000000000000000000e+00 2.467955127470742582e-01
6.000000000000000000e+00 2.417439719858326674e-01
7.000000000000000000e+00 2.378876755535803411e-01
8.000000000000000000e+00 2.354215946580061336e-01
9.000000000000000000e+00 2.335369708284056045e-01
1.000000000000000000e+01 2.304759539462007123e-01
1.100000000000000000e+01 2.267829980544273094e-01
1.200000000000000000e+01 2.126039615528952931e-01
1.300000000000000000e+01 1.667924777268496583e-01
1.400000000000000000e+01 1.563130275430431593e-01
1.500000000000000000e+01 1.561402745659717373e-01
1.600000000000000000e+01 1.558882931166682140e-01
1.700000000000000000e+01 1.556694722544062492e-01
1.800000000000000000e+01 1.551993972884833650e-01
1.900000000000000000e+01 1.538039479230824402e-01
2.000000000000000000e+01 1.529971716383010938e-01
2.100000000000000000e+01 1.500598267380756634e-01
2.200000000000000000e+01 1.410537359533478308e-01
2.300000000000000000e+01 1.105569453066176239e-01
2.400000000000000000e+01 9.814304410899904463e-02
2.500000000000000000e+01 8.466335868364577300e-02
2.600000000000000000e+01 7.482041026004411510e-02
2.700000000000000000e+01 7.329307693845493743e-02
2.800000000000000000e+01 7.185119077010770905e-02
2.900000000000000000e+01 7.120225246616324055e-02
3.000000000000000000e+01 7.076851637736879252e-02
3.100000000000000000e+01 7.033577295390840145e-02
3.200000000000000000e+01 6.971351707546678822e-02
3.300000000000000000e+01 6.925072211889396478e-02
3.400000000000000000e+01 6.886360812501746143e-02
3.500000000000000000e+01 6.862418938429797055e-02
3.600000000000000000e+01 6.855783893225610159e-02
3.700000000000000000e+01 6.849962850066963760e-02
3.800000000000000000e+01 6.848721066623440767e-02
3.900000000000000000e+01 6.846220306799571942e-02
4.000000000000000000e+01 6.839341563301100380e-02
4.100000000000000000e+01 6.827840398824891466e-02
4.200000000000000000e+01 6.816751257200144576e-02
4.300000000000000000e+01 6.793051163018104521e-02
4.400000000000000000e+01 6.753605023627259896e-02
4.500000000000000000e+01 6.725240155122008678e-02
4.600000000000000000e+01 6.718840663125892620e-02
4.700000000000000000e+01 6.703459948397057222e-02
4.800000000000000000e+01 6.684978155972025327e-02
4.900000000000000000e+01 6.657638879184847591e-02
5.000000000000000000e+01 6.633980465903695223e-02
5.100000000000000000e+01 6.610324272873537021e-02
5.200000000000000000e+01 6.591186594089823436e-02
5.300000000000000000e+01 6.567516892320363064e-02
5.400000000000000000e+01 6.542896968913092248e-02
5.500000000000000000e+01 6.529746228262450769e-02
5.600000000000000000e+01 6.518335003711850373e-02
5.700000000000000000e+01 6.504354685431647243e-02
5.800000000000000000e+01 6.483458503712596910e-02
5.900000000000000000e+01 6.473936350767334202e-02
6.000000000000000000e+01 6.464474326073803290e-02
6.100000000000000000e+01 6.450612710403344496e-02
6.200000000000000000e+01 6.438380326847539803e-02
6.300000000000000000e+01 6.433018799694194267e-02
6.400000000000000000e+01 6.418928983783292463e-02
6.500000000000000000e+01 6.411017100680481418e-02
6.600000000000000000e+01 6.404656805642724993e-02
6.700000000000000000e+01 6.401566170093071773e-02
6.800000000000000000e+01 6.399111263296877739e-02
6.900000000000000000e+01 6.398133306674785858e-02
7.000000000000000000e+01 6.396049611212455133e-02
7.100000000000000000e+01 6.392343446202876367e-02
7.200000000000000000e+01 6.386433494858445581e-02
7.300000000000000000e+01 6.379074821528939176e-02
7.400000000000000000e+01 6.371262474180106050e-02
7.500000000000000000e+01 6.366290313046617244e-02
7.600000000000000000e+01 6.364256473799426161e-02
7.700000000000000000e+01 6.361346405418338845e-02
7.800000000000000000e+01 6.357051521430588659e-02
7.900000000000000000e+01 6.355099317230888945e-02
8.000000000000000000e+01 6.352191081518958338e-02
8.100000000000000000e+01 6.345683889024816837e-02
8.200000000000000000e+01 6.335902786074713855e-02
8.300000000000000000e+01 6.323984935980302147e-02
8.400000000000000000e+01 6.313190505357609006e-02
8.500000000000000000e+01 6.306222626587319746e-02
8.600000000000000000e+01 6.302837871507409317e-02
8.700000000000000000e+01 6.300120814470976105e-02
8.800000000000000000e+01 6.295971326715689431e-02
8.900000000000000000e+01 6.289173856757376835e-02
9.000000000000000000e+01 6.286425043259789847e-02
9.100000000000000000e+01 6.284488874956492555e-02
9.200000000000000000e+01 6.282858962939545655e-02
9.300000000000000000e+01 6.276665509226886375e-02
9.400000000000000000e+01 6.271068483540080674e-02
9.500000000000000000e+01 6.264294276078528900e-02
9.600000000000000000e+01 6.259303298829341222e-02
9.700000000000000000e+01 6.256414769378478014e-02
9.800000000000000000e+01 6.255402610861592050e-02
9.900000000000000000e+01 6.254888086975053663e-02
1.000000000000000000e+02 6.254194526245561436e-02
1.010000000000000000e+02 6.253991218595789103e-02
1.020000000000000000e+02 6.253836608109648865e-02
1.030000000000000000e+02 6.253709706192672746e-02
1.040000000000000000e+02 6.253409275682948743e-02
1.050000000000000000e+02 6.253004248058748049e-02
1.060000000000000000e+02 6.252408142573234739e-02
1.070000000000000000e+02 6.251281908666170284e-02
1.080000000000000000e+02 6.248924886171663973e-02
1.090000000000000000e+02 6.245822518993492112e-02
1.100000000000000000e+02 6.243507865106210503e-02
1.110000000000000000e+02 6.241940419356289960e-02
1.120000000000000000e+02 6.239285458083725089e-02
1.130000000000000000e+02 6.233816057041139530e-02
1.140000000000000000e+02 6.229909107615441005e-02
1.150000000000000000e+02 6.227064628070132224e-02
1.160000000000000000e+02 6.223194918829454830e-02
1.170000000000000000e+02 6.221175394783334811e-02
1.180000000000000000e+02 6.219981323115705840e-02
1.190000000000000000e+02 6.218632164292569459e-02
1.200000000000000000e+02 6.215921270410147692e-02
1.210000000000000000e+02 6.211798871825374713e-02
1.220000000000000000e+02 6.211188693172192687e-02
1.230000000000000000e+02 6.207792025474260372e-02
1.240000000000000000e+02 6.206011713536387780e-02
1.250000000000000000e+02 6.202564951614610717e-02
1.260000000000000000e+02 6.198791037663273218e-02
1.270000000000000000e+02 6.196997457962685751e-02
1.280000000000000000e+02 6.195671785452403629e-02
1.290000000000000000e+02 6.195327680458322106e-02
1.300000000000000000e+02 6.195041648319933592e-02
1.310000000000000000e+02 6.194497828431592967e-02
1.320000000000000000e+02 6.194349611933031019e-02
1.330000000000000000e+02 6.193796010810947300e-02
1.340000000000000000e+02 6.193480640504121087e-02
1.350000000000000000e+02 6.193035071576519918e-02
1.360000000000000000e+02 6.192330704348810583e-02
1.370000000000000000e+02 6.191458100046009355e-02
1.380000000000000000e+02 6.190996603089448519e-02
1.390000000000000000e+02 6.190204547628314069e-02
1.400000000000000000e+02 6.189332394367554752e-02
1.410000000000000000e+02 6.188333039374707689e-02
1.420000000000000000e+02 6.186420863553254712e-02
1.430000000000000000e+02 6.183805621504459560e-02
1.440000000000000000e+02 6.182459076707899626e-02
1.450000000000000000e+02 6.179525644239573789e-02
1.460000000000000000e+02 6.178815166661610209e-02
1.470000000000000000e+02 6.177838870325370185e-02
1.480000000000000000e+02 6.176571333654019141e-02
1.490000000000000000e+02 6.175512900873412342e-02
1.500000000000000000e+02 6.173789410674471179e-02
1.510000000000000000e+02 6.171377995339139000e-02
1.520000000000000000e+02 6.169743272887920349e-02
1.530000000000000000e+02 6.167851072682446756e-02
1.540000000000000000e+02 6.166194405850482924e-02
1.550000000000000000e+02 6.165338100659870091e-02
1.560000000000000000e+02 6.164967056315258376e-02
1.570000000000000000e+02 6.164777971035192983e-02
1.580000000000000000e+02 6.163927881510624512e-02
1.590000000000000000e+02 6.163698318889743177e-02
1.600000000000000000e+02 6.163468561702740989e-02
1.610000000000000000e+02 6.163250876392295519e-02
1.620000000000000000e+02 6.163155878918805813e-02
1.630000000000000000e+02 6.163112301944887600e-02
1.640000000000000000e+02 6.163007698906657061e-02
1.650000000000000000e+02 6.162658096238535915e-02
1.660000000000000000e+02 6.162213379480235842e-02
1.670000000000000000e+02 6.161570429826645351e-02
1.680000000000000000e+02 6.160616354743449902e-02
1.690000000000000000e+02 6.160012224719266932e-02
1.700000000000000000e+02 6.159767627754202807e-02
1.710000000000000000e+02 6.159585655007020905e-02
1.720000000000000000e+02 6.159460262370274053e-02
1.730000000000000000e+02 6.159164834926351972e-02
1.740000000000000000e+02 6.158897146125559552e-02
1.750000000000000000e+02 6.158639209542166731e-02
1.760000000000000000e+02 6.158434677501805482e-02
1.770000000000000000e+02 6.158415812484986651e-02
1.780000000000000000e+02 6.158391237603236257e-02
1.790000000000000000e+02 6.158381644641466174e-02
1.800000000000000000e+02 6.158355703765641675e-02
1.810000000000000000e+02 6.158340704563922824e-02
1.820000000000000000e+02 6.158321587813939818e-02
1.830000000000000000e+02 6.158306030561561117e-02
1.840000000000000000e+02 6.158296847583964034e-02
1.850000000000000000e+02 6.158291366042575876e-02
1.860000000000000000e+02 6.158279114486487488e-02
1.870000000000000000e+02 6.158276499586543690e-02
1.880000000000000000e+02 6.158270281802873114e-02
1.890000000000000000e+02 6.158267572642654730e-02
1.900000000000000000e+02 6.158263768260210935e-02
1.910000000000000000e+02 6.158261185618733174e-02
1.920000000000000000e+02 6.158257444823433263e-02
1.930000000000000000e+02 6.158248425378845536e-02
1.940000000000000000e+02 6.158226840396580776e-02
1.950000000000000000e+02 6.158200411443438133e-02
1.960000000000000000e+02 6.158186439452108946e-02
1.970000000000000000e+02 6.158174126995902276e-02
1.980000000000000000e+02 6.158169559821072975e-02
1.990000000000000000e+02 6.158166003446905595e-02
2.000000000000000000e+02 6.158161745439778151e-02
2.010000000000000000e+02 6.158148128606264621e-02
2.020000000000000000e+02 6.158124448490408936e-02
2.030000000000000000e+02 6.158083704068060410e-02
2.040000000000000000e+02 6.158030163258132461e-02
2.050000000000000000e+02 6.157979683187154996e-02
2.060000000000000000e+02 6.157953144174818649e-02
2.070000000000000000e+02 6.157923349978388500e-02
2.080000000000000000e+02 6.157897934195096651e-02
2.090000000000000000e+02 6.157840689895761888e-02
2.100000000000000000e+02 6.157807594138476476e-02
2.110000000000000000e+02 6.157762261709562313e-02
2.120000000000000000e+02 6.157711591457221828e-02
2.130000000000000000e+02 6.157660383816482286e-02
2.140000000000000000e+02 6.157537337181324955e-02
2.150000000000000000e+02 6.157459932562578397e-02
2.160000000000000000e+02 6.157253471171086207e-02
2.170000000000000000e+02 6.157227815821673250e-02
2.180000000000000000e+02 6.157101246686015605e-02
2.190000000000000000e+02 6.157025682156315460e-02
2.200000000000000000e+02 6.156909682101489867e-02
2.210000000000000000e+02 6.156785389161706368e-02
2.220000000000000000e+02 6.156655247605469228e-02
2.230000000000000000e+02 6.156541067608278794e-02
2.240000000000000000e+02 6.156484999485450915e-02
2.250000000000000000e+02 6.156437272103943564e-02
2.260000000000000000e+02 6.156407575809191152e-02
2.270000000000000000e+02 6.156329387831970673e-02
2.280000000000000000e+02 6.156102542543027967e-02
2.290000000000000000e+02 6.155856943330319936e-02
2.300000000000000000e+02 6.155711225851860646e-02
2.310000000000000000e+02 6.155541542870889699e-02
2.320000000000000000e+02 6.155408633754892722e-02
2.330000000000000000e+02 6.155250247675717740e-02
2.340000000000000000e+02 6.155185088117108572e-02
2.350000000000000000e+02 6.155164023830676095e-02
2.360000000000000000e+02 6.155122753488171533e-02
2.370000000000000000e+02 6.155098807635701885e-02
2.380000000000000000e+02 6.155073873596962619e-02
2.390000000000000000e+02 6.155014615297604158e-02
2.400000000000000000e+02 6.154881843522448659e-02
2.410000000000000000e+02 6.154871687529422930e-02
2.420000000000000000e+02 6.154754474670335457e-02
2.430000000000000000e+02 6.154663943861952285e-02
2.440000000000000000e+02 6.154624986795000779e-02
2.450000000000000000e+02 6.154591960120768535e-02
2.460000000000000000e+02 6.154527176496909363e-02
2.470000000000000000e+02 6.154390865118978399e-02
2.480000000000000000e+02 6.154355977029005859e-02
2.490000000000000000e+02 6.154234491122109046e-02
2.500000000000000000e+02 6.154163873035613241e-02
2.510000000000000000e+02 6.154070646762534874e-02
2.520000000000000000e+02 6.153982598583532942e-02
2.530000000000000000e+02 6.153840204358628635e-02
2.540000000000000000e+02 6.153808256749204036e-02
2.550000000000000000e+02 6.153798342929880233e-02
2.560000000000000000e+02 6.153791185122570867e-02
2.570000000000000000e+02 6.153784448292175940e-02
2.580000000000000000e+02 6.153769207851861323e-02
2.590000000000000000e+02 6.153737691853418401e-02
2.600000000000000000e+02 6.153723104183801695e-02
2.610000000000000000e+02 6.153693581118912376e-02
2.620000000000000000e+02 6.153669600737379092e-02
2.630000000000000000e+02 6.153653521472975119e-02
2.640000000000000000e+02 6.153619957668652468e-02
2.650000000000000000e+02 6.153568774211454206e-02
2.660000000000000000e+02 6.153520422363928377e-02
2.670000000000000000e+02 6.153505048141563738e-02
2.680000000000000000e+02 6.153491899717307423e-02
2.690000000000000000e+02 6.153474963259325525e-02
2.700000000000000000e+02 6.153449150371780724e-02
2.710000000000000000e+02 6.153411212578185213e-02
2.720000000000000000e+02 6.153381352764492052e-02
2.730000000000000000e+02 6.153318924625324204e-02
2.740000000000000000e+02 6.153270492361070931e-02
2.750000000000000000e+02 6.153203386835674749e-02
2.760000000000000000e+02 6.153068385319443445e-02
2.770000000000000000e+02 6.152894741800902373e-02
2.780000000000000000e+02 6.152849321962025608e-02
2.790000000000000000e+02 6.152769889262080932e-02
2.800000000000000000e+02 6.152710283168014160e-02
2.810000000000000000e+02 6.152678180154676907e-02
2.820000000000000000e+02 6.152652175107774235e-02
2.830000000000000000e+02 6.152626742697878126e-02
2.840000000000000000e+02 6.152593295619426111e-02
2.850000000000000000e+02 6.152548614071649130e-02
2.860000000000000000e+02 6.152523234729692647e-02
2.870000000000000000e+02 6.152483700023567842e-02
2.880000000000000000e+02 6.152460793960849716e-02
2.890000000000000000e+02 6.152433090124333898e-02
2.900000000000000000e+02 6.152416053301041493e-02
2.910000000000000000e+02 6.152374206068904339e-02
2.920000000000000000e+02 6.152350028729543230e-02
2.930000000000000000e+02 6.152303384739336856e-02
2.940000000000000000e+02 6.152267191880009256e-02
2.950000000000000000e+02 6.152187791242671316e-02
2.960000000000000000e+02 6.152101101482498197e-02
2.970000000000000000e+02 6.152051156346687033e-02
2.980000000000000000e+02 6.151970911806477205e-02
2.990000000000000000e+02 6.151807010320814451e-02
3.000000000000000000e+02 6.151704288256622938e-02
3.010000000000000000e+02 6.151489714436372130e-02
3.020000000000000000e+02 6.151116171372592034e-02
3.030000000000000000e+02 6.150998763618933246e-02
3.040000000000000000e+02 6.150686827338370383e-02
3.050000000000000000e+02 6.150571494839748160e-02
3.060000000000000000e+02 6.150480381417934572e-02
3.070000000000000000e+02 6.150327098622528771e-02
3.080000000000000000e+02 6.150209153985475991e-02
3.090000000000000000e+02 6.150061412280977136e-02
3.100000000000000000e+02 6.149980994443130650e-02
3.110000000000000000e+02 6.149855748696172325e-02
3.120000000000000000e+02 6.149823286932574323e-02
3.130000000000000000e+02 6.149760738128432630e-02
3.140000000000000000e+02 6.149557267149549644e-02
3.150000000000000000e+02 6.149419975717056175e-02
3.160000000000000000e+02 6.149325444278049002e-02
3.170000000000000000e+02 6.149210109298090809e-02
3.180000000000000000e+02 6.149156227475627984e-02
3.190000000000000000e+02 6.149110110972940552e-02
3.200000000000000000e+02 6.149066483940487243e-02
3.210000000000000000e+02 6.149028880536620140e-02
3.220000000000000000e+02 6.148976471753295897e-02
3.230000000000000000e+02 6.148902815482732570e-02
3.240000000000000000e+02 6.148776009856300739e-02
3.250000000000000000e+02 6.148395821976082587e-02
3.260000000000000000e+02 6.148204154178014968e-02
3.270000000000000000e+02 6.147771312114733155e-02
3.280000000000000000e+02 6.147490604452606616e-02
3.290000000000000000e+02 6.147262759608355248e-02
3.300000000000000000e+02 6.147133969593732844e-02
3.310000000000000000e+02 6.146970844317246191e-02
3.320000000000000000e+02 6.146724789776134706e-02
3.330000000000000000e+02 6.146524535342022533e-02
3.340000000000000000e+02 6.146234211913173540e-02
3.350000000000000000e+02 6.146216861042544388e-02
3.360000000000000000e+02 6.146088597065009484e-02
3.370000000000000000e+02 6.146044291716622893e-02
3.380000000000000000e+02 6.145972125908325673e-02
3.390000000000000000e+02 6.145938197474515308e-02
3.400000000000000000e+02 6.145888287968914732e-02
3.410000000000000000e+02 6.145835912140679147e-02
3.420000000000000000e+02 6.145784754846785741e-02
3.430000000000000000e+02 6.145623268176819698e-02
3.440000000000000000e+02 6.145391247366269183e-02
3.450000000000000000e+02 6.145255805191898041e-02
3.460000000000000000e+02 6.145097361548280956e-02
3.470000000000000000e+02 6.144856360299048859e-02
3.480000000000000000e+02 6.144821020642247250e-02
3.490000000000000000e+02 6.144800530031873514e-02
3.500000000000000000e+02 6.144770133165790987e-02
3.510000000000000000e+02 6.144732000671608574e-02
3.520000000000000000e+02 6.144681750062867126e-02
3.530000000000000000e+02 6.144616338006152201e-02
3.540000000000000000e+02 6.144394982009244999e-02
3.550000000000000000e+02 6.143979653046793138e-02
3.560000000000000000e+02 6.143379862385933005e-02
3.570000000000000000e+02 6.143260175460014266e-02
3.580000000000000000e+02 6.142878222443392405e-02
3.590000000000000000e+02 6.142696288014232175e-02
3.600000000000000000e+02 6.142560255777818751e-02
3.610000000000000000e+02 6.142491001813466661e-02
3.620000000000000000e+02 6.142397521737311822e-02
3.630000000000000000e+02 6.142163808708483996e-02
3.640000000000000000e+02 6.142043690581445309e-02
3.650000000000000000e+02 6.141847729953225227e-02
3.660000000000000000e+02 6.141780880532095310e-02
3.670000000000000000e+02 6.141648474651912465e-02
3.680000000000000000e+02 6.141316814066653113e-02
3.690000000000000000e+02 6.141105400526595398e-02
3.700000000000000000e+02 6.140808576362590671e-02
3.710000000000000000e+02 6.140661535857832448e-02
3.720000000000000000e+02 6.140274562651971968e-02
3.730000000000000000e+02 6.140188696268904928e-02
3.740000000000000000e+02 6.140072598036473706e-02
3.750000000000000000e+02 6.139887003712665020e-02
3.760000000000000000e+02 6.139582801715086358e-02
3.770000000000000000e+02 6.139151499812487561e-02
3.780000000000000000e+02 6.138832692562441046e-02
3.790000000000000000e+02 6.138722772507992920e-02
3.800000000000000000e+02 6.138442665693077255e-02
3.810000000000000000e+02 6.138359514589843829e-02
3.820000000000000000e+02 6.138157887947055108e-02
3.830000000000000000e+02 6.137996393833633491e-02
3.840000000000000000e+02 6.137847539351613813e-02
3.850000000000000000e+02 6.137708969771666495e-02
3.860000000000000000e+02 6.137568906335015562e-02
3.870000000000000000e+02 6.137353014989826994e-02
3.880000000000000000e+02 6.136988400593840209e-02
3.890000000000000000e+02 6.136616744473327723e-02
3.900000000000000000e+02 6.136250630179076321e-02
3.910000000000000000e+02 6.135746362303064194e-02
3.920000000000000000e+02 6.134611244269707470e-02
3.930000000000000000e+02 6.133848395134269826e-02
3.940000000000000000e+02 6.133594193126372385e-02
3.950000000000000000e+02 6.133453042190605692e-02
3.960000000000000000e+02 6.133304321896437122e-02
3.970000000000000000e+02 6.132506662912520085e-02
3.980000000000000000e+02 6.132144210406573898e-02
3.990000000000000000e+02 6.131988436153577859e-02
4.000000000000000000e+02 6.131871390132088984e-02
4.010000000000000000e+02 6.131735585225045471e-02
4.020000000000000000e+02 6.131618716158755006e-02
4.030000000000000000e+02 6.131565923629699738e-02
4.040000000000000000e+02 6.131438608526460637e-02
4.050000000000000000e+02 6.131256439497167338e-02
4.060000000000000000e+02 6.130946133221430727e-02
4.070000000000000000e+02 6.130702621069209629e-02
4.080000000000000000e+02 6.130501466297502006e-02
4.090000000000000000e+02 6.130372024841723722e-02
4.100000000000000000e+02 6.130235544758230737e-02
4.110000000000000000e+02 6.129956191946298039e-02
4.120000000000000000e+02 6.129901348773625358e-02
4.130000000000000000e+02 6.129858811286099246e-02
4.140000000000000000e+02 6.129836389872649061e-02
4.150000000000000000e+02 6.129803799126540970e-02
4.160000000000000000e+02 6.129735555431380795e-02
4.170000000000000000e+02 6.129556735377053589e-02
4.180000000000000000e+02 6.129340187129982825e-02
4.190000000000000000e+02 6.129218365293332554e-02
4.200000000000000000e+02 6.129103033197987049e-02
4.210000000000000000e+02 6.129052267354174327e-02
4.220000000000000000e+02 6.129029741952121690e-02
4.230000000000000000e+02 6.129012389192276672e-02
4.240000000000000000e+02 6.129004011677816749e-02
4.250000000000000000e+02 6.128964773883378847e-02
4.260000000000000000e+02 6.128957142439581118e-02
4.270000000000000000e+02 6.128945101911454502e-02
4.280000000000000000e+02 6.128935978036786913e-02
4.290000000000000000e+02 6.128906571297464134e-02
4.300000000000000000e+02 6.128876046486398527e-02
4.310000000000000000e+02 6.128845478948243691e-02
4.320000000000000000e+02 6.128795943694682891e-02
4.330000000000000000e+02 6.128774013140948773e-02
4.340000000000000000e+02 6.128752225665134307e-02
4.350000000000000000e+02 6.128725838680765259e-02
4.360000000000000000e+02 6.128687311446394392e-02
4.370000000000000000e+02 6.128661116879532272e-02
4.380000000000000000e+02 6.128638642353437249e-02
4.390000000000000000e+02 6.128603986730544323e-02
4.400000000000000000e+02 6.128560459198938853e-02
4.410000000000000000e+02 6.128498067941795524e-02
4.420000000000000000e+02 6.128342383139734340e-02
4.430000000000000000e+02 6.128254954482823674e-02
4.440000000000000000e+02 6.127919572349251054e-02
4.450000000000000000e+02 6.127423664779350909e-02
4.460000000000000000e+02 6.127188670084114663e-02
4.470000000000000000e+02 6.126766752631782748e-02
4.480000000000000000e+02 6.126455244436224135e-02
4.490000000000000000e+02 6.126340256426784925e-02
4.500000000000000000e+02 6.126292544808770862e-02
4.510000000000000000e+02 6.126214216637064502e-02
4.520000000000000000e+02 6.126099950587111931e-02
4.530000000000000000e+02 6.125933336430280235e-02
4.540000000000000000e+02 6.125711623583716958e-02
4.550000000000000000e+02 6.125491486351918036e-02
4.560000000000000000e+02 6.125215239619966057e-02
4.570000000000000000e+02 6.125024847088075819e-02
4.580000000000000000e+02 6.124966185602774560e-02
4.590000000000000000e+02 6.124871707804090820e-02
4.600000000000000000e+02 6.124732496862646952e-02
4.610000000000000000e+02 6.124582004588843831e-02
4.620000000000000000e+02 6.124511064644622138e-02
4.630000000000000000e+02 6.124432483408373540e-02
4.640000000000000000e+02 6.124372489139376374e-02
4.650000000000000000e+02 6.124325358233171507e-02
4.660000000000000000e+02 6.124277635126541136e-02
4.670000000000000000e+02 6.124214115499684169e-02
4.680000000000000000e+02 6.124125159845578148e-02
4.690000000000000000e+02 6.123895204731698988e-02
4.700000000000000000e+02 6.123788605042593258e-02
4.710000000000000000e+02 6.123756478403291625e-02
4.720000000000000000e+02 6.123715857119124001e-02
4.730000000000000000e+02 6.123702130023368773e-02
4.740000000000000000e+02 6.123691019648713763e-02
4.750000000000000000e+02 6.123682122133407291e-02
4.760000000000000000e+02 6.123665436810969698e-02
4.770000000000000000e+02 6.123655038831829489e-02
4.780000000000000000e+02 6.123636837358119311e-02
4.790000000000000000e+02 6.123629294363375913e-02
4.800000000000000000e+02 6.123624772924369380e-02
4.810000000000000000e+02 6.123622025932162066e-02
4.820000000000000000e+02 6.123615810849376145e-02
4.830000000000000000e+02 6.123609569536007935e-02
4.840000000000000000e+02 6.123600464614881167e-02
4.850000000000000000e+02 6.123597155030817418e-02
4.860000000000000000e+02 6.123570349949840341e-02
4.870000000000000000e+02 6.123556436254173896e-02
4.880000000000000000e+02 6.123547199678628511e-02
4.890000000000000000e+02 6.123541791406882789e-02
4.900000000000000000e+02 6.123534823241127967e-02
4.910000000000000000e+02 6.123522628824794312e-02
4.920000000000000000e+02 6.123500688193714986e-02
4.930000000000000000e+02 6.123495587596801404e-02
4.940000000000000000e+02 6.123489335331895600e-02
4.950000000000000000e+02 6.123477724708135256e-02
4.960000000000000000e+02 6.123463043361462854e-02
4.970000000000000000e+02 6.123435707231797420e-02
4.980000000000000000e+02 6.123428559356743073e-02
4.990000000000000000e+02 6.123417176499642428e-02
5.000000000000000000e+02 6.123413391899212160e-02
5.010000000000000000e+02 6.123409260003131321e-02
5.020000000000000000e+02 6.123405707035355777e-02
5.030000000000000000e+02 6.123398868496754410e-02
5.040000000000000000e+02 6.123396846331189552e-02
5.050000000000000000e+02 6.123390683134733586e-02
5.060000000000000000e+02 6.123384461823647151e-02
5.070000000000000000e+02 6.123380621719696354e-02
5.080000000000000000e+02 6.123375175214872818e-02
5.090000000000000000e+02 6.123371872511074870e-02
5.100000000000000000e+02 6.123366736680622979e-02
5.110000000000000000e+02 6.123363562851931452e-02
5.120000000000000000e+02 6.123359029010701921e-02
5.130000000000000000e+02 6.123353215700633873e-02
5.140000000000000000e+02 6.123344507528111214e-02
5.150000000000000000e+02 6.123337825322172634e-02
5.160000000000000000e+02 6.123330391019088381e-02
5.170000000000000000e+02 6.123318595025101230e-02
5.180000000000000000e+02 6.123310444585974843e-02
5.190000000000000000e+02 6.123298542688455220e-02
5.200000000000000000e+02 6.123269837720510950e-02
5.210000000000000000e+02 6.123266924970655056e-02
5.220000000000000000e+02 6.123262622783823272e-02
5.230000000000000000e+02 6.123257006582875916e-02
5.240000000000000000e+02 6.123253446457957438e-02
5.250000000000000000e+02 6.123247625131712779e-02
5.260000000000000000e+02 6.123240233903905205e-02
5.270000000000000000e+02 6.123232822913750317e-02
5.280000000000000000e+02 6.123225327357913195e-02
5.290000000000000000e+02 6.123221772191279194e-02
5.300000000000000000e+02 6.123221466881531572e-02
5.310000000000000000e+02 6.123221071875153271e-02
5.320000000000000000e+02 6.123220551413968704e-02
5.330000000000000000e+02 6.123220361697779418e-02
