1.000000000000000000e+00 3.210185763313036511e-01
2.000000000000000000e+00 2.294189875998078332e-01
3.000000000000000000e+00 1.713855813916249082e-01
4.000000000000000000e+00 1.540191910831599786e-01
5.000000000000000000e+00 1.211875841505488938e-01
6.000000000000000000e+00 9.162525557483032490e-02
7.000000000000000000e+00 8.389224195884979751e-02
8.000000000000000000e+00 8.110480121045877955e-02
9.000000000000000000e+00 7.849798113688473411e-02
1.000000000000000000e+01 7.531737494340892680e-02
1.100000000000000000e+01 7.443357136427918019e-02
1.200000000000000000e+01 7.359950957008336292e-02
1.300000000000000000e+01 7.299358062971754435e-02
1.400000000000000000e+01 7.236819275782854777e-02
1.500000000000000000e+01 7.184697269354729798e-02
1.600000000000000000e+01 7.044818759177762235e-02
1.700000000000000000e+01 6.925230697274853409e-02
1.800000000000000000e+01 6.734737091507433937e-02
1.900000000000000000e+01 6.533628248454335929e-02
2.000000000000000000e+01 6.361454069383672139e-02
2.100000000000000000e+01 6.300907024174343118e-02
2.200000000000000000e+01 6.269438891869544284e-02
2.300000000000000000e+01 6.207450080228604089e-02
2.400000000000000000e+01 6.143803654655556612e-02
2.500000000000000000e+01 6.019181029129375138e-02
2.600000000000000000e+01 5.921704655050926552e-02
2.700000000000000000e+01 5.871129991939203624e-02
2.800000000000000000e+01 5.785993889720669747e-02
2.900000000000000000e+01 5.739086012725904545e-02
3.000000000000000000e+01 5.689273883986368380e-02
3.100000000000000000e+01 5.632896501872962369e-02
3.200000000000000000e+01 5.551877788306196215e-02
3.300000000000000000e+01 5.494997898689132909e-02
3.400000000000000000e+01 5.445780831763129270e-02
3.500000000000000000e+01 5.391759331727125071e-02
3.600000000000000000e+01 5.360642754557198159e-02
3.700000000000000000e+01 5.326434963842679310e-02
3.800000000000000000e+01 5.301123005163338453e-02
3.900000000000000000e+01 5.279301277735406334e-02
4.000000000000000000e+01 5.252753222324597210e-02
4.100000000000000000e+01 5.230195804777048457e-02
4.200000000000000000e+01 5.212697512607242234e-02
4.300000000000000000e+01 5.201763795888739161e-02
4.400000000000000000e+01 5.192135435467398752e-02
4.500000000000000000e+01 5.182604589259443700e-02
4.600000000000000000e+01 5.177931958158139836e-02
4.700000000000000000e+01 5.171526359644164350e-02
4.800000000000000000e+01 5.165509888025731494e-02
4.900000000000000000e+01 5.162862580736007206e-02
5.000000000000000000e+01 5.161586242104807681e-02
5.100000000000000000e+01 5.159829006843454080e-02
5.200000000000000000e+01 5.158602972910690532e-02
5.300000000000000000e+01 5.156797717323665514e-02
5.400000000000000000e+01 5.155946005841166579e-02
5.500000000000000000e+01 5.155238321287846509e-02
5.600000000000000000e+01 5.154231879380143100e-02
5.700000000000000000e+01 5.152814820171944254e-02
5.800000000000000000e+01 5.150134148639568671e-02
5.900000000000000000e+01 5.147289472788842829e-02
6.000000000000000000e+01 5.144452442082204230e-02
6.100000000000000000e+01 5.140598925077186077e-02
6.200000000000000000e+01 5.136046580920473198e-02
6.300000000000000000e+01 5.127772726754545318e-02
6.400000000000000000e+01 5.119777047303635670e-02
6.500000000000000000e+01 5.110089903428344238e-02
6.600000000000000000e+01 5.092885147691389447e-02
6.700000000000000000e+01 5.081980806304013665e-02
6.800000000000000000e+01 5.076732267365081236e-02
6.900000000000000000e+01 5.072570111782602476e-02
7.000000000000000000e+01 5.069968769178883478e-02
7.100000000000000000e+01 5.065423618619888796e-02
7.200000000000000000e+01 5.062077175375186838e-02
7.300000000000000000e+01 5.061038607834130593e-02
7.400000000000000000e+01 5.058527695930298967e-02
7.500000000000000000e+01 5.057569421983219848e-02
7.600000000000000000e+01 5.055222830887601271e-02
7.700000000000000000e+01 5.053497695325572664e-02
7.800000000000000000e+01 5.051725469384605455e-02
7.900000000000000000e+01 5.050660119336181780e-02
8.000000000000000000e+01 5.049982718886081995e-02
8.100000000000000000e+01 5.049215286798313523e-02
8.200000000000000000e+01 5.048055779021037859e-02
8.300000000000000000e+01 5.047053098116315029e-02
8.400000000000000000e+01 5.045867088708491655e-02
8.500000000000000000e+01 5.044982697617043932e-02
8.600000000000000000e+01 5.043643516840345953e-02
8.700000000000000000e+01 5.042668349736836170e-02
8.800000000000000000e+01 5.041747362060624432e-02
8.900000000000000000e+01 5.040745313979156511e-02
9.000000000000000000e+01 5.040281842553382546e-02
9.100000000000000000e+01 5.039616351018263996e-02
9.200000000000000000e+01 5.039051973051972277e-02
9.300000000000000000e+01 5.038451909175131749e-02
9.400000000000000000e+01 5.037554452616196249e-02
9.500000000000000000e+01 5.036925653411362253e-02
9.600000000000000000e+01 5.036389687807803217e-02
9.700000000000000000e+01 5.036092773574194631e-02
9.800000000000000000e+01 5.035665423353744702e-02
9.900000000000000000e+01 5.035469150166676372e-02
1.000000000000000000e+02 5.034965773475554712e-02
1.010000000000000000e+02 5.034768578074357709e-02
1.020000000000000000e+02 5.034497842782803545e-02
1.030000000000000000e+02 5.034362306017465399e-02
1.040000000000000000e+02 5.033850865820929665e-02
1.050000000000000000e+02 5.033674661097387731e-02
1.060000000000000000e+02 5.033472118757047198e-02
1.070000000000000000e+02 5.033185535877829353e-02
1.080000000000000000e+02 5.032818653563566474e-02
1.090000000000000000e+02 5.032350594156893842e-02
1.100000000000000000e+02 5.032115177391651567e-02
1.110000000000000000e+02 5.031496906391178664e-02
1.120000000000000000e+02 5.031181828955096774e-02
1.130000000000000000e+02 5.030302508536314832e-02
1.140000000000000000e+02 5.029909676003605640e-02
1.150000000000000000e+02 5.029146551634004758e-02
1.160000000000000000e+02 5.028292264030920222e-02
1.170000000000000000e+02 5.027387137330942279e-02
1.180000000000000000e+02 5.026100086805904837e-02
1.190000000000000000e+02 5.025050700053847880e-02
1.200000000000000000e+02 5.022873029240794429e-02
1.210000000000000000e+02 5.019521200269573546e-02
1.220000000000000000e+02 5.005185495724360362e-02
1.230000000000000000e+02 4.998824957263239832e-02
1.240000000000000000e+02 4.992109935762238659e-02
1.250000000000000000e+02 4.983353364023577342e-02
1.260000000000000000e+02 4.978277221488039417e-02
1.270000000000000000e+02 4.961972909116935809e-02
1.280000000000000000e+02 4.946339568842397089e-02
1.290000000000000000e+02 4.934209438690748128e-02
1.300000000000000000e+02 4.918430751801593226e-02
1.310000000000000000e+02 4.908852363450786488e-02
1.320000000000000000e+02 4.895876591266679762e-02
1.330000000000000000e+02 4.885705787294827851e-02
1.340000000000000000e+02 4.842136639628877998e-02
1.350000000000000000e+02 4.832854643808918299e-02
1.360000000000000000e+02 4.822230918311831011e-02
1.370000000000000000e+02 4.786217475757184592e-02
1.380000000000000000e+02 4.759098088524370967e-02
1.390000000000000000e+02 4.732159668593939605e-02
1.400000000000000000e+02 4.695541104209456640e-02
1.410000000000000000e+02 4.685503420024127175e-02
1.420000000000000000e+02 4.663659472717662097e-02
1.430000000000000000e+02 4.660568925158028314e-02
1.440000000000000000e+02 4.657248238881484675e-02
1.450000000000000000e+02 4.651154852920868360e-02
1.460000000000000000e+02 4.650245359356433572e-02
1.470000000000000000e+02 4.648174232396495853e-02
1.480000000000000000e+02 4.646670029415191777e-02
1.490000000000000000e+02 4.645231353523248535e-02
1.500000000000000000e+02 4.643292073975631429e-02
1.510000000000000000e+02 4.642220190077774727e-02
1.520000000000000000e+02 4.641108846350847084e-02
1.530000000000000000e+02 4.640146206211678837e-02
1.540000000000000000e+02 4.639544757372274925e-02
1.550000000000000000e+02 4.639261424315441890e-02
1.560000000000000000e+02 4.639070658897773147e-02
1.570000000000000000e+02 4.638949499078739991e-02
1.580000000000000000e+02 4.638781232390375847e-02
1.590000000000000000e+02 4.638643984231891754e-02
1.600000000000000000e+02 4.638318220776552203e-02
1.610000000000000000e+02 4.638270644668707893e-02
1.620000000000000000e+02 4.638125675449621815e-02
1.630000000000000000e+02 4.637987712906191384e-02
1.640000000000000000e+02 4.637783961993413584e-02
1.650000000000000000e+02 4.637522351734294640e-02
1.660000000000000000e+02 4.637142603094762672e-02
1.670000000000000000e+02 4.637023271105267935e-02
1.680000000000000000e+02 4.636876074239497381e-02
1.690000000000000000e+02 4.636743994586264850e-02
1.700000000000000000e+02 4.636656047286725341e-02
1.710000000000000000e+02 4.636572178592075766e-02
1.720000000000000000e+02 4.636526481357144264e-02
1.730000000000000000e+02 4.636506131917132734e-02
1.740000000000000000e+02 4.636466839897056963e-02
1.750000000000000000e+02 4.636455676065211889e-02
1.760000000000000000e+02 4.636443757756489314e-02
1.770000000000000000e+02 4.636428666304584501e-02
1.780000000000000000e+02 4.636392937068260084e-02
1.790000000000000000e+02 4.636388133534828648e-02
1.800000000000000000e+02 4.636368340617434691e-02
1.810000000000000000e+02 4.636352022636675008e-02
1.820000000000000000e+02 4.636337869049677457e-02
1.830000000000000000e+02 4.636332272416714140e-02
1.840000000000000000e+02 4.636316090772928805e-02
1.850000000000000000e+02 4.636304691764787933e-02
1.860000000000000000e+02 4.636294026394477408e-02
1.870000000000000000e+02 4.636282960938162279e-02
1.880000000000000000e+02 4.636274871125884572e-02
1.890000000000000000e+02 4.636262651808514823e-02
1.900000000000000000e+02 4.636242380414536818e-02
1.910000000000000000e+02 4.636229780985948179e-02
1.920000000000000000e+02 4.636194044250324664e-02
1.930000000000000000e+02 4.636181365251206693e-02
1.940000000000000000e+02 4.636162502680866992e-02
1.950000000000000000e+02 4.636132879140737739e-02
1.960000000000000000e+02 4.636116175955955904e-02
1.970000000000000000e+02 4.636098554884234002e-02
1.980000000000000000e+02 4.636084060319386330e-02
1.990000000000000000e+02 4.636073256575488216e-02
2.000000000000000000e+02 4.636046108546462013e-02
2.010000000000000000e+02 4.636032046452975841e-02
2.020000000000000000e+02 4.636003929184957101e-02
2.030000000000000000e+02 4.635989943252793316e-02
2.040000000000000000e+02 4.635985324909577820e-02
2.050000000000000000e+02 4.635982418242218239e-02
2.060000000000000000e+02 4.635978265213365479e-02
2.070000000000000000e+02 4.635975235788065973e-02
2.080000000000000000e+02 4.635968774381352825e-02
2.090000000000000000e+02 4.635963764401965226e-02
2.100000000000000000e+02 4.635957975819431087e-02
2.110000000000000000e+02 4.635956249066848500e-02
2.120000000000000000e+02 4.635954722669611422e-02
2.130000000000000000e+02 4.635954377486811717e-02
2.140000000000000000e+02 4.635951961202110228e-02
2.150000000000000000e+02 4.635950696709915941e-02
2.160000000000000000e+02 4.635949406561830355e-02
2.170000000000000000e+02 4.635947834405949181e-02
2.180000000000000000e+02 4.635945320454050445e-02
2.190000000000000000e+02 4.635942257937166605e-02
2.200000000000000000e+02 4.635939016994619633e-02
2.210000000000000000e+02 4.635937634182210609e-02
2.220000000000000000e+02 4.635935651841793792e-02
2.230000000000000000e+02 4.635933409229507640e-02
2.240000000000000000e+02 4.635931865685605224e-02
2.250000000000000000e+02 4.635931044289810093e-02
2.260000000000000000e+02 4.635930528031813325e-02
2.270000000000000000e+02 4.635929730570116647e-02
2.280000000000000000e+02 4.635928792850482760e-02
2.290000000000000000e+02 4.635928025677697045e-02
2.300000000000000000e+02 4.635926577439703627e-02
2.310000000000000000e+02 4.635925423556596509e-02
2.320000000000000000e+02 4.635923707119654624e-02
2.330000000000000000e+02 4.635922037012896874e-02
2.340000000000000000e+02 4.635920340065292911e-02
2.350000000000000000e+02 4.635919541925401233e-02
2.360000000000000000e+02 4.635916835780112821e-02
2.370000000000000000e+02 4.635915929417280812e-02
2.380000000000000000e+02 4.635914431254962303e-02
2.390000000000000000e+02 4.635911787560498959e-02
2.400000000000000000e+02 4.635908225378162356e-02
2.410000000000000000e+02 4.635905829832670522e-02
2.420000000000000000e+02 4.635903598528507558e-02
2.430000000000000000e+02 4.635902845073450185e-02
2.440000000000000000e+02 4.635902322084516081e-02
2.450000000000000000e+02 4.635900545365969488e-02
2.460000000000000000e+02 4.635896587839968830e-02
2.470000000000000000e+02 4.635893432909311135e-02
2.480000000000000000e+02 4.635887855953274572e-02
2.490000000000000000e+02 4.635883930511119216e-02
2.500000000000000000e+02 4.635881885460942098e-02
2.510000000000000000e+02 4.635879468340190629e-02
2.520000000000000000e+02 4.635877463266124821e-02
2.530000000000000000e+02 4.635872088079287523e-02
2.540000000000000000e+02 4.635870694933753866e-02
2.550000000000000000e+02 4.635869170810960616e-02
2.560000000000000000e+02 4.635865819109279834e-02
2.570000000000000000e+02 4.635862444974041957e-02
2.580000000000000000e+02 4.635859561864661554e-02
2.590000000000000000e+02 4.635855875523733904e-02
2.600000000000000000e+02 4.635853704543513309e-02
2.610000000000000000e+02 4.635850052584675890e-02
2.620000000000000000e+02 4.635846714720016221e-02
2.630000000000000000e+02 4.635842840066126125e-02
2.640000000000000000e+02 4.635838673238332902e-02
2.650000000000000000e+02 4.635836825248560583e-02
2.660000000000000000e+02 4.635835622715425014e-02
2.670000000000000000e+02 4.635832155253694076e-02
2.680000000000000000e+02 4.635829046583312546e-02
2.690000000000000000e+02 4.635823410005025791e-02
2.700000000000000000e+02 4.635820327479273778e-02
2.710000000000000000e+02 4.635818027838967820e-02
2.720000000000000000e+02 4.635816805289526971e-02
2.730000000000000000e+02 4.635815979022821914e-02
2.740000000000000000e+02 4.635814898199051848e-02
2.750000000000000000e+02 4.635814154604920440e-02
2.760000000000000000e+02 4.635814004100273500e-02
