6.187261703496489407e-01
5.550737710101997235e-01
8.554090259609593572e-01
3.300725743310847227e-01
1.205520493764502821e-01
3.482331941671258924e-01
1.157088298945332161e+00
4.573657811995979761e-01
7.575566493809448021e-01
1.556516625219188203e-02
4.257300297998005689e-01
7.968348023216609288e-01
2.180733702728606949e-01
7.950547615310429306e-01
8.747595491508434185e-01
-2.517990395747566890e-01
7.690890512834237525e-01
9.524782187095394148e-01
3.228515091658193947e-01
1.165208429100022203e+00
8.227841287379529245e-01
1.072183075059550017e+00
4.773895444131442400e-01
2.673326926126259884e-01
6.491348370110359145e-01
1.179534535331266065e+00
5.125383493183394146e-01
8.875378029607781105e-01
8.239695489273974882e-01
5.289399400067023027e-01
4.296857731781300038e-01
1.237220515509699581e+00
6.937160393492695087e-01
-8.870317579006097020e-02
5.326355670630750216e-01
1.378449923458932469e+00
8.753970451212614301e-02
8.635811015285401737e-01
1.106787367879379369e+00
1.067144776237997750e+00
1.998150250360137548e-01
3.960397337596870959e-01
4.516799512438804398e-01
5.936697594220836927e-02
1.056009843742164112e+00
6.121394632660358548e-01
5.084568804426122801e-01
-1.693715053271116835e-02
3.781586384076268681e-01
-1.928350130462682943e-01
8.388351223889003450e-01
8.769941432036998386e-01
4.341085446113732704e-01
1.821711951898387638e-01
-3.412669784488913671e-01
5.558066773386166615e-01
-3.658095135564613104e-02
3.711005373931094975e-01
7.619534995411545442e-01
9.387655681418085596e-01
-5.389410105708839493e-01
2.443302985457707355e-01
6.436839530386641028e-01
1.298781960796461903e-02
3.525596276390008388e-01
6.829161516553515776e-01
5.917425176725022995e-01
1.172531874898546933e-01
2.340936529798157140e-01
1.436187057281657964e+00
2.084850771880372364e-02
5.492444891892953596e-01
