1.000000000000000000e+00 6.982337639302511612e-01
2.000000000000000000e+00 2.624803616297121667e-01
3.000000000000000000e+00 2.008324069158763936e-01
4.000000000000000000e+00 1.833915082205932745e-01
5.000000000000000000e+00 1.577619886441972707e-01
6.000000000000000000e+00 1.376235111868271133e-01
7.000000000000000000e+00 1.028501747572081737e-01
8.000000000000000000e+00 9.411122238099783877e-02
9.000000000000000000e+00 8.795241654662523667e-02
1.000000000000000000e+01 8.369279466284305913e-02
1.100000000000000000e+01 7.927533673854515739e-02
1.200000000000000000e+01 7.464346458592410749e-02
1.300000000000000000e+01 7.165264081336257529e-02
1.400000000000000000e+01 7.101207592271702174e-02
1.500000000000000000e+01 7.015635056637908873e-02
1.600000000000000000e+01 6.972672219948038153e-02
1.700000000000000000e+01 6.889675947158895031e-02
1.800000000000000000e+01 6.836524242061887968e-02
1.900000000000000000e+01 6.804906658024588439e-02
2.000000000000000000e+01 6.776991826339967551e-02
2.100000000000000000e+01 6.748853665777954092e-02
2.200000000000000000e+01 6.707866136825686720e-02
2.300000000000000000e+01 6.680575005207120554e-02
2.400000000000000000e+01 6.664793892761940175e-02
2.500000000000000000e+01 6.646546318257379182e-02
2.600000000000000000e+01 6.629539628525266126e-02
2.700000000000000000e+01 6.564362576399399019e-02
2.800000000000000000e+01 6.500965604066447079e-02
2.900000000000000000e+01 6.435548071240851375e-02
3.000000000000000000e+01 6.415343566348517823e-02
3.100000000000000000e+01 6.392869229533788833e-02
3.200000000000000000e+01 6.384797115407164769e-02
3.300000000000000000e+01 6.370616353981023439e-02
3.400000000000000000e+01 6.347421540027607667e-02
3.500000000000000000e+01 6.323290383998726727e-02
3.600000000000000000e+01 6.257459198190287730e-02
3.700000000000000000e+01 6.238106566284203763e-02
3.800000000000000000e+01 6.224643708183169588e-02
3.900000000000000000e+01 6.181632058694153803e-02
4.000000000000000000e+01 6.170290349280799225e-02
4.100000000000000000e+01 6.153321972176001992e-02
4.200000000000000000e+01 6.125730103972776286e-02
4.300000000000000000e+01 6.078613486971487512e-02
4.400000000000000000e+01 6.004946881899596994e-02
4.500000000000000000e+01 5.948035831622562608e-02
4.600000000000000000e+01 5.896814587563764531e-02
4.700000000000000000e+01 5.858664942501393136e-02
4.800000000000000000e+01 5.826228167386089674e-02
4.900000000000000000e+01 5.783177042814393459e-02
5.000000000000000000e+01 5.757055176337942670e-02
5.100000000000000000e+01 5.749159868355290665e-02
5.200000000000000000e+01 5.731088959572609720e-02
5.300000000000000000e+01 5.713630595985022542e-02
5.400000000000000000e+01 5.683367912732194965e-02
5.500000000000000000e+01 5.650283423780857323e-02
5.600000000000000000e+01 5.591560815699089804e-02
5.700000000000000000e+01 5.569943622111784426e-02
5.800000000000000000e+01 5.557877278680520977e-02
5.900000000000000000e+01 5.544680150321758261e-02
6.000000000000000000e+01 5.528293403848300036e-02
6.100000000000000000e+01 5.517713222261502043e-02
6.200000000000000000e+01 5.506820427569385223e-02
6.300000000000000000e+01 5.498166303398580035e-02
6.400000000000000000e+01 5.484694173604744843e-02
6.500000000000000000e+01 5.471182334977917061e-02
6.600000000000000000e+01 5.453929565372248739e-02
6.700000000000000000e+01 5.442302398599956070e-02
6.800000000000000000e+01 5.434896138352138251e-02
6.900000000000000000e+01 5.414798949076625456e-02
7.000000000000000000e+01 5.409604374458820003e-02
7.100000000000000000e+01 5.387690825784120091e-02
7.200000000000000000e+01 5.380404362803990065e-02
7.300000000000000000e+01 5.368197641322169228e-02
7.400000000000000000e+01 5.359928007380006243e-02
7.500000000000000000e+01 5.352500925762506551e-02
7.600000000000000000e+01 5.343471309887768556e-02
7.700000000000000000e+01 5.327681818068659425e-02
7.800000000000000000e+01 5.305531317573163735e-02
7.900000000000000000e+01 5.294382993901868700e-02
8.000000000000000000e+01 5.269316163126162161e-02
8.100000000000000000e+01 5.253233008991571584e-02
8.200000000000000000e+01 5.243318847937546157e-02
8.300000000000000000e+01 5.238031472194019933e-02
8.400000000000000000e+01 5.229365592735323726e-02
8.500000000000000000e+01 5.220536680836761201e-02
8.600000000000000000e+01 5.204839355968585157e-02
8.700000000000000000e+01 5.178645980964745321e-02
8.800000000000000000e+01 5.154529014978025819e-02
8.900000000000000000e+01 5.133873751298896615e-02
9.000000000000000000e+01 5.112010963063034347e-02
9.100000000000000000e+01 5.087930123830882584e-02
9.200000000000000000e+01 5.064307325882255045e-02
9.300000000000000000e+01 5.047184397513522491e-02
9.400000000000000000e+01 5.015437737315228683e-02
9.500000000000000000e+01 4.978709802774870102e-02
9.600000000000000000e+01 4.921431459618979404e-02
9.700000000000000000e+01 4.814519626547320713e-02
9.800000000000000000e+01 4.734990533959522463e-02
9.900000000000000000e+01 4.678424651067582957e-02
1.000000000000000000e+02 4.562181434579314770e-02
1.010000000000000000e+02 4.466725367763745708e-02
1.020000000000000000e+02 4.422764318757403668e-02
1.030000000000000000e+02 4.248039315134203436e-02
1.040000000000000000e+02 4.128963131225207861e-02
1.050000000000000000e+02 4.073588150361645566e-02
1.060000000000000000e+02 4.000915622298694546e-02
1.070000000000000000e+02 3.956161261506002669e-02
