1.924509376325047039e-01
1.106247632275735304e+00
-1.816734985842533845e-01
2.328567394490935194e-01
7.101776121223175586e-01
-7.472623544665778217e-02
1.257997349972779899e+00
3.107767511204641009e-01
5.625466410633885861e-01
-1.584245253516882723e-01
1.204231859842995744e-01
-2.568580511550812573e-01
3.636307315335340906e-02
-4.230774286283525004e-02
1.232355228722222112e-01
6.623509295002343034e-02
7.186839501876085556e-01
1.542657524371472855e+00
8.211719280125232556e-01
4.448495443484712930e-01
6.251753909426206457e-01
6.298532911974397130e-01
-8.340139731157598935e-02
4.377512486653849511e-01
7.493866513252783745e-02
7.967677384879408020e-01
1.242216908165360012e+00
1.015159113906602961e+00
8.610951965952108600e-02
1.344010839791282830e-01
2.295938814573261211e-01
3.532502042596152858e-01
-1.460366428819905027e-01
1.441189207773126146e-01
-4.345687743985894858e-01
1.196024408651130244e+00
-3.878215318907176079e-01
3.062288032513152403e-01
4.642144566054872690e-01
8.984895781128865444e-01
9.252069431552881751e-01
1.571967905036877611e-01
1.196288430347451692e+00
4.330742603518896727e-01
1.756076504369996183e+00
-9.993161501747551689e-01
5.577028952929780070e-01
9.086647462701363809e-01
