1.000000000000000000e+00 6.247534155695918523e-01
2.000000000000000000e+00 3.704945102517067657e-01
3.000000000000000000e+00 3.248096142739489434e-01
4.000000000000000000e+00 2.848789404315505425e-01
5.000000000000000000e+00 2.539286293051287169e-01
6.000000000000000000e+00 2.462707428492600936e-01
7.000000000000000000e+00 2.439079681582024539e-01
8.000000000000000000e+00 2.416053269115536750e-01
9.000000000000000000e+00 2.393465455224253469e-01
1.000000000000000000e+01 2.366547796517212698e-01
1.100000000000000000e+01 2.283036890657158813e-01
1.200000000000000000e+01 2.263550213135522293e-01
1.300000000000000000e+01 2.178298638132972198e-01
1.400000000000000000e+01 2.057912565668238158e-01
1.500000000000000000e+01 1.848640272548730257e-01
1.600000000000000000e+01 1.577446708510131246e-01
1.700000000000000000e+01 1.312063067313873899e-01
1.800000000000000000e+01 1.238401681382251263e-01
1.900000000000000000e+01 1.141368570137711314e-01
2.000000000000000000e+01 1.027348862926832085e-01
2.100000000000000000e+01 9.199771520482133425e-02
2.200000000000000000e+01 8.744645357907034067e-02
2.300000000000000000e+01 8.356728573598667942e-02
2.400000000000000000e+01 8.022568341871297304e-02
2.500000000000000000e+01 7.921121865738783852e-02
2.600000000000000000e+01 7.833274068755920194e-02
2.700000000000000000e+01 7.694848996209806280e-02
2.800000000000000000e+01 7.530591478344636491e-02
2.900000000000000000e+01 7.502265375491995458e-02
3.000000000000000000e+01 7.364722535820673877e-02
3.100000000000000000e+01 7.326161391355753838e-02
3.200000000000000000e+01 7.271757571834423783e-02
3.300000000000000000e+01 7.209108376699856213e-02
3.400000000000000000e+01 7.143192855196797697e-02
3.500000000000000000e+01 7.084464916498375842e-02
3.600000000000000000e+01 6.978709541579992959e-02
3.700000000000000000e+01 6.924776187575416853e-02
3.800000000000000000e+01 6.893369417492921369e-02
3.900000000000000000e+01 6.881166386443132721e-02
4.000000000000000000e+01 6.859601747950917761e-02
4.100000000000000000e+01 6.835427483753851730e-02
4.200000000000000000e+01 6.754765682142235828e-02
4.300000000000000000e+01 6.666469182818357542e-02
4.400000000000000000e+01 6.656594887796686566e-02
4.500000000000000000e+01 6.591444458023244801e-02
4.600000000000000000e+01 6.571697785791943969e-02
4.700000000000000000e+01 6.550126979848612530e-02
4.800000000000000000e+01 6.531654814150750221e-02
4.900000000000000000e+01 6.527340508869766689e-02
5.000000000000000000e+01 6.523663704701891664e-02
5.100000000000000000e+01 6.518070652034312074e-02
5.200000000000000000e+01 6.507715420528462080e-02
5.300000000000000000e+01 6.502517758512137147e-02
5.400000000000000000e+01 6.496540063695455114e-02
5.500000000000000000e+01 6.490804500276038669e-02
5.600000000000000000e+01 6.485513001595401283e-02
5.700000000000000000e+01 6.480402278520935866e-02
5.800000000000000000e+01 6.475063072103723338e-02
5.900000000000000000e+01 6.472328131517919581e-02
6.000000000000000000e+01 6.465712512234150777e-02
6.100000000000000000e+01 6.451508680629769454e-02
6.200000000000000000e+01 6.424208011198045964e-02
6.300000000000000000e+01 6.410145586171343834e-02
6.400000000000000000e+01 6.388975535502458558e-02
6.500000000000000000e+01 6.385888019410662642e-02
6.600000000000000000e+01 6.380177386455418431e-02
6.700000000000000000e+01 6.379634064811677552e-02
6.800000000000000000e+01 6.376491897016930976e-02
6.900000000000000000e+01 6.372620468733010413e-02
7.000000000000000000e+01 6.367118982605707300e-02
7.100000000000000000e+01 6.360580300283190380e-02
7.200000000000000000e+01 6.353015896504023152e-02
7.300000000000000000e+01 6.346688132893318901e-02
7.400000000000000000e+01 6.346064105680883360e-02
7.500000000000000000e+01 6.340781561287646417e-02
7.600000000000000000e+01 6.337994595884183235e-02
7.700000000000000000e+01 6.330869442601338992e-02
7.800000000000000000e+01 6.325505340545777011e-02
7.900000000000000000e+01 6.324028563004988057e-02
8.000000000000000000e+01 6.319643823494235091e-02
8.100000000000000000e+01 6.317905880913217420e-02
8.200000000000000000e+01 6.317259047569656616e-02
8.300000000000000000e+01 6.316325416664088366e-02
8.400000000000000000e+01 6.315558735394870282e-02
8.500000000000000000e+01 6.314613504457464166e-02
8.600000000000000000e+01 6.312931685160411144e-02
8.700000000000000000e+01 6.310595399047319587e-02
8.800000000000000000e+01 6.306930792948606257e-02
8.900000000000000000e+01 6.303244310390372640e-02
9.000000000000000000e+01 6.298567773123678326e-02
9.100000000000000000e+01 6.297429457389261409e-02
9.200000000000000000e+01 6.296942305394417905e-02
9.300000000000000000e+01 6.296522042490876325e-02
9.400000000000000000e+01 6.294820710001829134e-02
9.500000000000000000e+01 6.293705005776778494e-02
9.600000000000000000e+01 6.290944315490347438e-02
9.700000000000000000e+01 6.289359637842129036e-02
9.800000000000000000e+01 6.283302848591529322e-02
9.900000000000000000e+01 6.281547280074481487e-02
1.000000000000000000e+02 6.280709317282573423e-02
1.010000000000000000e+02 6.278722606756584335e-02
1.020000000000000000e+02 6.277915455188277927e-02
1.030000000000000000e+02 6.277281653273751594e-02
1.040000000000000000e+02 6.276943556233802179e-02
1.050000000000000000e+02 6.276594906860034906e-02
1.060000000000000000e+02 6.276014744054378425e-02
1.070000000000000000e+02 6.275424265288348513e-02
1.080000000000000000e+02 6.275095383424598994e-02
1.090000000000000000e+02 6.274002467330574984e-02
1.100000000000000000e+02 6.273481381943452062e-02
1.110000000000000000e+02 6.272502204486260502e-02
1.120000000000000000e+02 6.270282690203238252e-02
1.130000000000000000e+02 6.267315694458987230e-02
1.140000000000000000e+02 6.266581823895728265e-02
1.150000000000000000e+02 6.265222351505307652e-02
1.160000000000000000e+02 6.263503557824927348e-02
1.170000000000000000e+02 6.262922514778414274e-02
1.180000000000000000e+02 6.262193868730164814e-02
1.190000000000000000e+02 6.261281247744558687e-02
1.200000000000000000e+02 6.260081052228663734e-02
1.210000000000000000e+02 6.258148344278254005e-02
1.220000000000000000e+02 6.256466171978428137e-02
1.230000000000000000e+02 6.255760912611883773e-02
1.240000000000000000e+02 6.255263777998680552e-02
1.250000000000000000e+02 6.255132151453994538e-02
1.260000000000000000e+02 6.254872396742373886e-02
1.270000000000000000e+02 6.254449861908052688e-02
1.280000000000000000e+02 6.253527012759779735e-02
1.290000000000000000e+02 6.252412123340062022e-02
1.300000000000000000e+02 6.251958051033444652e-02
1.310000000000000000e+02 6.250087210369438540e-02
1.320000000000000000e+02 6.249270931435035176e-02
1.330000000000000000e+02 6.248751219206508112e-02
1.340000000000000000e+02 6.248378658334538538e-02
1.350000000000000000e+02 6.247324627156576604e-02
1.360000000000000000e+02 6.246881649839312184e-02
1.370000000000000000e+02 6.246621355236529199e-02
1.380000000000000000e+02 6.245948387367807747e-02
1.390000000000000000e+02 6.245540470828484653e-02
1.400000000000000000e+02 6.244334777226441535e-02
1.410000000000000000e+02 6.243007547089587939e-02
1.420000000000000000e+02 6.241760659800148908e-02
1.430000000000000000e+02 6.241385858480007209e-02
1.440000000000000000e+02 6.240995467857558127e-02
1.450000000000000000e+02 6.240667598571903590e-02
1.460000000000000000e+02 6.240341664337804156e-02
1.470000000000000000e+02 6.239006586687690509e-02
1.480000000000000000e+02 6.238309430348820683e-02
1.490000000000000000e+02 6.237407154497669193e-02
1.500000000000000000e+02 6.236563435505618203e-02
1.510000000000000000e+02 6.236271706563057543e-02
1.520000000000000000e+02 6.236110695819940125e-02
1.530000000000000000e+02 6.235759537627236226e-02
1.540000000000000000e+02 6.235345786747031882e-02
1.550000000000000000e+02 6.235256477227034411e-02
1.560000000000000000e+02 6.234885991071437844e-02
1.570000000000000000e+02 6.234635539777039909e-02
1.580000000000000000e+02 6.234401251684589668e-02
1.590000000000000000e+02 6.234045554296654273e-02
1.600000000000000000e+02 6.233799209647909734e-02
1.610000000000000000e+02 6.233421135527499046e-02
1.620000000000000000e+02 6.233211895677959191e-02
1.630000000000000000e+02 6.233038747415231562e-02
1.640000000000000000e+02 6.232909435454082880e-02
1.650000000000000000e+02 6.232434624340976032e-02
1.660000000000000000e+02 6.231650631605068630e-02
1.670000000000000000e+02 6.230303658033568837e-02
1.680000000000000000e+02 6.229453029118405677e-02
1.690000000000000000e+02 6.227875254537875577e-02
1.700000000000000000e+02 6.227409432853126675e-02
1.710000000000000000e+02 6.226484105927679313e-02
1.720000000000000000e+02 6.226104345460223288e-02
1.730000000000000000e+02 6.225843273904146935e-02
1.740000000000000000e+02 6.225079488601607813e-02
1.750000000000000000e+02 6.223881410428346028e-02
1.760000000000000000e+02 6.222608232691007046e-02
1.770000000000000000e+02 6.221982006149328476e-02
1.780000000000000000e+02 6.220688147657204431e-02
1.790000000000000000e+02 6.220510566083035237e-02
1.800000000000000000e+02 6.220479566645033265e-02
1.810000000000000000e+02 6.220347420957127865e-02
1.820000000000000000e+02 6.220024561323424933e-02
1.830000000000000000e+02 6.219665817339770780e-02
1.840000000000000000e+02 6.219264356982839859e-02
1.850000000000000000e+02 6.218943644577937246e-02
1.860000000000000000e+02 6.218530952277662172e-02
1.870000000000000000e+02 6.218350945537686608e-02
1.880000000000000000e+02 6.218094133534744078e-02
1.890000000000000000e+02 6.217763605104335151e-02
1.900000000000000000e+02 6.217543591206873416e-02
1.910000000000000000e+02 6.217290286205096050e-02
1.920000000000000000e+02 6.217087550604621926e-02
1.930000000000000000e+02 6.216737449952252498e-02
1.940000000000000000e+02 6.216514153300449486e-02
1.950000000000000000e+02 6.216308572366096435e-02
1.960000000000000000e+02 6.216220789160103316e-02
1.970000000000000000e+02 6.216175115676639273e-02
1.980000000000000000e+02 6.216167017608063838e-02
1.990000000000000000e+02 6.216123065602693898e-02
2.000000000000000000e+02 6.216093441115705387e-02
2.010000000000000000e+02 6.216068381931528358e-02
2.020000000000000000e+02 6.216019728789928811e-02
2.030000000000000000e+02 6.215943868519457211e-02
2.040000000000000000e+02 6.215857190167899810e-02
2.050000000000000000e+02 6.215766335455877312e-02
2.060000000000000000e+02 6.215720031704824455e-02
2.070000000000000000e+02 6.215671198358792282e-02
2.080000000000000000e+02 6.215649122245209268e-02
2.090000000000000000e+02 6.215615837523750381e-02
2.100000000000000000e+02 6.215579552493706583e-02
2.110000000000000000e+02 6.215530778010371071e-02
2.120000000000000000e+02 6.215471900835092822e-02
2.130000000000000000e+02 6.215404366527223223e-02
2.140000000000000000e+02 6.215320159028835806e-02
2.150000000000000000e+02 6.215273544155144186e-02
2.160000000000000000e+02 6.215174006087516301e-02
2.170000000000000000e+02 6.214958748085788742e-02
2.180000000000000000e+02 6.214655489470371358e-02
2.190000000000000000e+02 6.214541572590495666e-02
2.200000000000000000e+02 6.214344546009287207e-02
2.210000000000000000e+02 6.214127323058080826e-02
2.220000000000000000e+02 6.213862024549347135e-02
2.230000000000000000e+02 6.213586480874869200e-02
2.240000000000000000e+02 6.213378268103949414e-02
2.250000000000000000e+02 6.213132400504894209e-02
2.260000000000000000e+02 6.212646597985032465e-02
2.270000000000000000e+02 6.211757672386461482e-02
2.280000000000000000e+02 6.210610473061297515e-02
2.290000000000000000e+02 6.209845430816091777e-02
2.300000000000000000e+02 6.208729357291312839e-02
2.310000000000000000e+02 6.207277538540680040e-02
2.320000000000000000e+02 6.206539735358664739e-02
2.330000000000000000e+02 6.205628670193769764e-02
2.340000000000000000e+02 6.205226498335091045e-02
2.350000000000000000e+02 6.204488947615721672e-02
2.360000000000000000e+02 6.203895554610631968e-02
2.370000000000000000e+02 6.203013109418992199e-02
2.380000000000000000e+02 6.202271339123429511e-02
2.390000000000000000e+02 6.201625460729231348e-02
2.400000000000000000e+02 6.201243719122179199e-02
2.410000000000000000e+02 6.200963834458637913e-02
2.420000000000000000e+02 6.200657335185476987e-02
2.430000000000000000e+02 6.200340909497499553e-02
2.440000000000000000e+02 6.200032186436340437e-02
2.450000000000000000e+02 6.199847494652035995e-02
2.460000000000000000e+02 6.199722525498401610e-02
2.470000000000000000e+02 6.199560314223182683e-02
2.480000000000000000e+02 6.199366928538777716e-02
2.490000000000000000e+02 6.199103300816603823e-02
2.500000000000000000e+02 6.198782432284869609e-02
2.510000000000000000e+02 6.198578396398612966e-02
2.520000000000000000e+02 6.198433619810695544e-02
2.530000000000000000e+02 6.198407188838674087e-02
2.540000000000000000e+02 6.198386924755419636e-02
2.550000000000000000e+02 6.198381730443660448e-02
2.560000000000000000e+02 6.198372323160343533e-02
2.570000000000000000e+02 6.198344498484053416e-02
2.580000000000000000e+02 6.198276835173260890e-02
2.590000000000000000e+02 6.198226764944654577e-02
2.600000000000000000e+02 6.198145770995867193e-02
2.610000000000000000e+02 6.198102499155435513e-02
2.620000000000000000e+02 6.198055883611228861e-02
2.630000000000000000e+02 6.197982919054900036e-02
2.640000000000000000e+02 6.197945906605959593e-02
2.650000000000000000e+02 6.197907570982984921e-02
2.660000000000000000e+02 6.197875416191989117e-02
2.670000000000000000e+02 6.197850457558679721e-02
2.680000000000000000e+02 6.197820157127832685e-02
2.690000000000000000e+02 6.197802265038959701e-02
2.700000000000000000e+02 6.197775012208547873e-02
2.710000000000000000e+02 6.197713527858240284e-02
2.720000000000000000e+02 6.197635038037833249e-02
2.730000000000000000e+02 6.197571099614483658e-02
2.740000000000000000e+02 6.197446279193372098e-02
2.750000000000000000e+02 6.197314459135304376e-02
2.760000000000000000e+02 6.197175386844341882e-02
2.770000000000000000e+02 6.196978652451159281e-02
2.780000000000000000e+02 6.196937233079680835e-02
2.790000000000000000e+02 6.196719014736520870e-02
2.800000000000000000e+02 6.196433390466471458e-02
2.810000000000000000e+02 6.196026186601134161e-02
2.820000000000000000e+02 6.195879824658875878e-02
2.830000000000000000e+02 6.195607691000022677e-02
2.840000000000000000e+02 6.195229931458635236e-02
2.850000000000000000e+02 6.194683519073497513e-02
2.860000000000000000e+02 6.194153114854940995e-02
2.870000000000000000e+02 6.193712115752116748e-02
2.880000000000000000e+02 6.193524429642783408e-02
2.890000000000000000e+02 6.193311634519763076e-02
2.900000000000000000e+02 6.193175414031351633e-02
2.910000000000000000e+02 6.193115899139815805e-02
2.920000000000000000e+02 6.193011991318814885e-02
2.930000000000000000e+02 6.192766452247424475e-02
2.940000000000000000e+02 6.192573124914480670e-02
2.950000000000000000e+02 6.192413426722359615e-02
2.960000000000000000e+02 6.192355217836922887e-02
2.970000000000000000e+02 6.192313905814779418e-02
2.980000000000000000e+02 6.192260049916278181e-02
2.990000000000000000e+02 6.192175666632408759e-02
3.000000000000000000e+02 6.192053203539458345e-02
3.010000000000000000e+02 6.191965339754210151e-02
3.020000000000000000e+02 6.191828885351838979e-02
3.030000000000000000e+02 6.191732287092868020e-02
3.040000000000000000e+02 6.191658499687752865e-02
3.050000000000000000e+02 6.191616928347408455e-02
3.060000000000000000e+02 6.191568268676879427e-02
3.070000000000000000e+02 6.191543437207066430e-02
3.080000000000000000e+02 6.191488865362265032e-02
3.090000000000000000e+02 6.191431604437397374e-02
3.100000000000000000e+02 6.191407585277170639e-02
3.110000000000000000e+02 6.191374393205523879e-02
3.120000000000000000e+02 6.191321386982399227e-02
3.130000000000000000e+02 6.191287249429022060e-02
3.140000000000000000e+02 6.191275602493197944e-02
3.150000000000000000e+02 6.191255349309954248e-02
3.160000000000000000e+02 6.191245023108101625e-02
3.170000000000000000e+02 6.191237924869949505e-02
3.180000000000000000e+02 6.191220995006207345e-02
3.190000000000000000e+02 6.191187145345974918e-02
3.200000000000000000e+02 6.191137621066301888e-02
3.210000000000000000e+02 6.191069265972408420e-02
3.220000000000000000e+02 6.190959928380254662e-02
3.230000000000000000e+02 6.190769809546343982e-02
3.240000000000000000e+02 6.190718050053844318e-02
3.250000000000000000e+02 6.190698725149666737e-02
3.260000000000000000e+02 6.190596071458449867e-02
3.270000000000000000e+02 6.190568789349921996e-02
3.280000000000000000e+02 6.190531787943296532e-02
3.290000000000000000e+02 6.190468373567820093e-02
3.300000000000000000e+02 6.190380763379604856e-02
3.310000000000000000e+02 6.190289234453533185e-02
3.320000000000000000e+02 6.190213428093808978e-02
3.330000000000000000e+02 6.190181574198117681e-02
3.340000000000000000e+02 6.190167221586438673e-02
3.350000000000000000e+02 6.190155814187089933e-02
3.360000000000000000e+02 6.190144695780553513e-02
3.370000000000000000e+02 6.190126579512433835e-02
3.380000000000000000e+02 6.190083812700166582e-02
3.390000000000000000e+02 6.189988683687808191e-02
3.400000000000000000e+02 6.189932586391169028e-02
3.410000000000000000e+02 6.189802652281892886e-02
3.420000000000000000e+02 6.189704043345648637e-02
3.430000000000000000e+02 6.189553786268379293e-02
3.440000000000000000e+02 6.189521842129413337e-02
3.450000000000000000e+02 6.189346772046371015e-02
3.460000000000000000e+02 6.189323291509234160e-02
3.470000000000000000e+02 6.189303207354004271e-02
3.480000000000000000e+02 6.189281941850646729e-02
3.490000000000000000e+02 6.189260872339628211e-02
3.500000000000000000e+02 6.189243644295992774e-02
3.510000000000000000e+02 6.189217869244579423e-02
3.520000000000000000e+02 6.189204472693030090e-02
3.530000000000000000e+02 6.189184588152973204e-02
3.540000000000000000e+02 6.189140978635408047e-02
3.550000000000000000e+02 6.189109562224163336e-02
3.560000000000000000e+02 6.189064014127785424e-02
3.570000000000000000e+02 6.189009787639751514e-02
3.580000000000000000e+02 6.188934618836147705e-02
3.590000000000000000e+02 6.188815654119263904e-02
3.600000000000000000e+02 6.188732935716194372e-02
3.610000000000000000e+02 6.188613691241598436e-02
3.620000000000000000e+02 6.188521775362078314e-02
3.630000000000000000e+02 6.188486694569338142e-02
