1.000000000000000000e+00 2.879767483675000350e-01
2.000000000000000000e+00 2.628672872362381452e-01
3.000000000000000000e+00 2.467678543988607587e-01
4.000000000000000000e+00 2.423723444508151803e-01
5.000000000000000000e+00 2.400270820663975013e-01
6.000000000000000000e+00 2.386810584839758331e-01
7.000000000000000000e+00 2.375600948541304602e-01
8.000000000000000000e+00 2.372511155150033579e-01
9.000000000000000000e+00 2.369344528189114285e-01
1.000000000000000000e+01 2.362996012084988273e-01
1.100000000000000000e+01 2.351546018736318799e-01
1.200000000000000000e+01 2.344198555536149142e-01
1.300000000000000000e+01 2.340842011732241212e-01
1.400000000000000000e+01 2.334894097932760926e-01
1.500000000000000000e+01 2.320600623378943350e-01
1.600000000000000000e+01 2.305483101078983632e-01
1.700000000000000000e+01 2.249312618742437264e-01
1.800000000000000000e+01 2.241153665326615363e-01
1.900000000000000000e+01 2.224398103673469462e-01
2.000000000000000000e+01 2.201624128863180763e-01
2.100000000000000000e+01 2.177701873853902792e-01
2.200000000000000000e+01 2.157126018114743360e-01
2.300000000000000000e+01 2.150679699896747288e-01
2.400000000000000000e+01 2.142218945360436499e-01
2.500000000000000000e+01 2.139695834946317154e-01
2.600000000000000000e+01 2.136625392420134495e-01
2.700000000000000000e+01 2.133173110015169349e-01
2.800000000000000000e+01 2.126664713362681480e-01
2.900000000000000000e+01 2.120691048834038861e-01
3.000000000000000000e+01 2.112311550893820333e-01
3.100000000000000000e+01 2.107316419798679619e-01
3.200000000000000000e+01 2.101732829816315429e-01
3.300000000000000000e+01 2.098065422567825522e-01
3.400000000000000000e+01 2.088770353762895438e-01
3.500000000000000000e+01 2.083036159318391589e-01
3.600000000000000000e+01 2.062827721884893661e-01
3.700000000000000000e+01 2.046362022134311232e-01
3.800000000000000000e+01 2.024263060845808704e-01
3.900000000000000000e+01 1.994127532445184869e-01
4.000000000000000000e+01 1.987852350793322120e-01
4.100000000000000000e+01 1.982938983209876216e-01
4.200000000000000000e+01 1.974896861920046043e-01
4.300000000000000000e+01 1.963792113299853981e-01
4.400000000000000000e+01 1.953891561254812448e-01
4.500000000000000000e+01 1.947859334494452532e-01
4.600000000000000000e+01 1.942906886613703366e-01
4.700000000000000000e+01 1.938943638823125704e-01
4.800000000000000000e+01 1.936940150401107730e-01
4.900000000000000000e+01 1.934484343816245400e-01
5.000000000000000000e+01 1.930771068886606989e-01
5.100000000000000000e+01 1.928885107420262313e-01
5.200000000000000000e+01 1.926522776945512605e-01
5.300000000000000000e+01 1.924935661843284185e-01
5.400000000000000000e+01 1.923195043473998611e-01
5.500000000000000000e+01 1.920775042927620746e-01
5.600000000000000000e+01 1.919807743770969299e-01
5.700000000000000000e+01 1.917713647831943424e-01
5.800000000000000000e+01 1.916998564514307835e-01
5.900000000000000000e+01 1.915680868002848924e-01
6.000000000000000000e+01 1.913683405602768783e-01
6.100000000000000000e+01 1.912323342913342938e-01
6.200000000000000000e+01 1.910887375437550217e-01
6.300000000000000000e+01 1.909742955916685914e-01
6.400000000000000000e+01 1.907969083553527345e-01
6.500000000000000000e+01 1.906454139581584828e-01
6.600000000000000000e+01 1.904779662493273074e-01
6.700000000000000000e+01 1.901934590698929617e-01
6.800000000000000000e+01 1.899214320760555519e-01
6.900000000000000000e+01 1.893374960440295518e-01
7.000000000000000000e+01 1.882217904183464408e-01
7.100000000000000000e+01 1.878717216777368026e-01
7.200000000000000000e+01 1.872697567858993273e-01
7.300000000000000000e+01 1.866933521355605974e-01
7.400000000000000000e+01 1.865103559036421776e-01
7.500000000000000000e+01 1.863723332102048547e-01
7.600000000000000000e+01 1.862678222967808495e-01
7.700000000000000000e+01 1.861552534947670812e-01
7.800000000000000000e+01 1.859997441407741092e-01
7.900000000000000000e+01 1.858228983141637647e-01
8.000000000000000000e+01 1.857269186830007857e-01
8.100000000000000000e+01 1.855915225641824318e-01
8.200000000000000000e+01 1.854990330291217404e-01
8.300000000000000000e+01 1.853765273055115181e-01
8.400000000000000000e+01 1.853179204446754047e-01
8.500000000000000000e+01 1.852604931303054314e-01
8.600000000000000000e+01 1.851646958042040547e-01
8.700000000000000000e+01 1.851112478349169477e-01
8.800000000000000000e+01 1.850431496133293496e-01
8.900000000000000000e+01 1.849948652545776451e-01
9.000000000000000000e+01 1.849653183933582246e-01
9.100000000000000000e+01 1.849202323381521629e-01
9.200000000000000000e+01 1.848547265032731979e-01
9.300000000000000000e+01 1.848279103536439594e-01
9.400000000000000000e+01 1.847877852288710154e-01
9.500000000000000000e+01 1.847691438496833483e-01
9.600000000000000000e+01 1.847471983300633391e-01
9.700000000000000000e+01 1.847097944965367111e-01
9.800000000000000000e+01 1.846592711078809124e-01
9.900000000000000000e+01 1.845992420520857213e-01
1.000000000000000000e+02 1.845475595711972561e-01
1.010000000000000000e+02 1.844912194153668916e-01
1.020000000000000000e+02 1.844507691676809114e-01
1.030000000000000000e+02 1.844145985156089573e-01
1.040000000000000000e+02 1.843756630604827529e-01
1.050000000000000000e+02 1.843377177790238297e-01
1.060000000000000000e+02 1.843122069098648563e-01
1.070000000000000000e+02 1.842871227628402331e-01
1.080000000000000000e+02 1.842732137756445121e-01
1.090000000000000000e+02 1.842566460770819203e-01
1.100000000000000000e+02 1.842392491008313649e-01
1.110000000000000000e+02 1.842249651667673127e-01
1.120000000000000000e+02 1.841983130602712349e-01
1.130000000000000000e+02 1.841752188725458428e-01
1.140000000000000000e+02 1.841568066059264541e-01
1.150000000000000000e+02 1.841322418657481697e-01
1.160000000000000000e+02 1.841124081292103420e-01
1.170000000000000000e+02 1.840765293957414284e-01
1.180000000000000000e+02 1.840706056708481253e-01
1.190000000000000000e+02 1.840419237688725174e-01
1.200000000000000000e+02 1.840326898831378677e-01
1.210000000000000000e+02 1.840153335661666723e-01
1.220000000000000000e+02 1.840020192629022999e-01
1.230000000000000000e+02 1.839832498824524043e-01
1.240000000000000000e+02 1.839691100075215857e-01
1.250000000000000000e+02 1.839645388746457000e-01
1.260000000000000000e+02 1.839514403570902956e-01
1.270000000000000000e+02 1.839463895607909294e-01
1.280000000000000000e+02 1.839402512914571075e-01
1.290000000000000000e+02 1.839320599129231903e-01
1.300000000000000000e+02 1.839149610563265147e-01
1.310000000000000000e+02 1.839097339368341022e-01
1.320000000000000000e+02 1.839017438015384809e-01
1.330000000000000000e+02 1.838955007707898659e-01
1.340000000000000000e+02 1.838905295404190676e-01
1.350000000000000000e+02 1.838855704186554973e-01
1.360000000000000000e+02 1.838748993654452657e-01
1.370000000000000000e+02 1.838647946710139092e-01
1.380000000000000000e+02 1.838586282148873263e-01
1.390000000000000000e+02 1.838475809207766876e-01
1.400000000000000000e+02 1.838332811364184749e-01
1.410000000000000000e+02 1.838203640517347692e-01
1.420000000000000000e+02 1.838078837973193547e-01
1.430000000000000000e+02 1.837898410891575240e-01
1.440000000000000000e+02 1.837723740550958884e-01
1.450000000000000000e+02 1.837515998794443661e-01
1.460000000000000000e+02 1.837398846859823742e-01
1.470000000000000000e+02 1.837167751274572380e-01
1.480000000000000000e+02 1.836999744304933235e-01
1.490000000000000000e+02 1.836525749345464531e-01
1.500000000000000000e+02 1.836244744393892570e-01
1.510000000000000000e+02 1.835882503061264381e-01
1.520000000000000000e+02 1.835450158219296968e-01
1.530000000000000000e+02 1.835113657245469321e-01
1.540000000000000000e+02 1.834714362870943083e-01
1.550000000000000000e+02 1.834119601903570762e-01
1.560000000000000000e+02 1.833732830610184106e-01
1.570000000000000000e+02 1.833491887166605605e-01
1.580000000000000000e+02 1.833183866248319638e-01
1.590000000000000000e+02 1.832706680581826231e-01
1.600000000000000000e+02 1.832047937853454322e-01
1.610000000000000000e+02 1.831932201398552007e-01
1.620000000000000000e+02 1.831243405245532307e-01
1.630000000000000000e+02 1.830987794859666173e-01
1.640000000000000000e+02 1.830618457516489106e-01
1.650000000000000000e+02 1.830024336080978697e-01
1.660000000000000000e+02 1.828746624539319687e-01
1.670000000000000000e+02 1.825021459395704260e-01
1.680000000000000000e+02 1.792446910220906742e-01
1.690000000000000000e+02 1.791241279195867619e-01
1.700000000000000000e+02 1.786783116506417413e-01
1.710000000000000000e+02 1.745513907774703388e-01
1.720000000000000000e+02 1.703678888396003288e-01
1.730000000000000000e+02 1.665244875834763216e-01
1.740000000000000000e+02 1.625768673765300432e-01
1.750000000000000000e+02 1.603576270490320310e-01
1.760000000000000000e+02 1.565730801109028458e-01
1.770000000000000000e+02 1.554307851421549147e-01
1.780000000000000000e+02 1.543823228387680713e-01
1.790000000000000000e+02 1.539666839505690610e-01
1.800000000000000000e+02 1.537777230651915239e-01
1.810000000000000000e+02 1.535922293231103686e-01
1.820000000000000000e+02 1.532388159729612676e-01
1.830000000000000000e+02 1.530960692982932525e-01
1.840000000000000000e+02 1.530372719153272887e-01
1.850000000000000000e+02 1.529539129757104265e-01
1.860000000000000000e+02 1.528161460738571842e-01
1.870000000000000000e+02 1.527604868689700357e-01
1.880000000000000000e+02 1.526942809801131729e-01
1.890000000000000000e+02 1.526385008716888980e-01
1.900000000000000000e+02 1.525581807017437341e-01
1.910000000000000000e+02 1.525093715315801457e-01
1.920000000000000000e+02 1.524308529548052404e-01
1.930000000000000000e+02 1.523605463451761233e-01
1.940000000000000000e+02 1.522826007880590804e-01
1.950000000000000000e+02 1.521835101018556569e-01
1.960000000000000000e+02 1.521557601057808295e-01
1.970000000000000000e+02 1.521099790871697222e-01
1.980000000000000000e+02 1.520714591799132709e-01
1.990000000000000000e+02 1.519795994336518297e-01
2.000000000000000000e+02 1.518971232450850029e-01
2.010000000000000000e+02 1.518639622756592367e-01
2.020000000000000000e+02 1.517930804347736029e-01
2.030000000000000000e+02 1.517814842464616787e-01
2.040000000000000000e+02 1.517373845700069057e-01
2.050000000000000000e+02 1.517137354049153675e-01
2.060000000000000000e+02 1.516572778769963437e-01
2.070000000000000000e+02 1.515899081635434797e-01
2.080000000000000000e+02 1.514767511058364713e-01
2.090000000000000000e+02 1.513751728443572808e-01
2.100000000000000000e+02 1.512782187509637000e-01
2.110000000000000000e+02 1.512059710669597656e-01
2.120000000000000000e+02 1.511644354650303057e-01
2.130000000000000000e+02 1.510280228172277139e-01
2.140000000000000000e+02 1.508290228551329437e-01
2.150000000000000000e+02 1.506230661671929538e-01
2.160000000000000000e+02 1.502959485474615053e-01
2.170000000000000000e+02 1.500478872243280470e-01
2.180000000000000000e+02 1.498056528961839995e-01
2.190000000000000000e+02 1.495923776643553194e-01
2.200000000000000000e+02 1.493988014579828716e-01
2.210000000000000000e+02 1.491533723454498417e-01
2.220000000000000000e+02 1.490340971193825914e-01
2.230000000000000000e+02 1.489463190217185928e-01
2.240000000000000000e+02 1.487127908851572367e-01
2.250000000000000000e+02 1.486282569493393990e-01
2.260000000000000000e+02 1.483257538445293677e-01
2.270000000000000000e+02 1.483133145345517934e-01
2.280000000000000000e+02 1.480859965121538169e-01
2.290000000000000000e+02 1.480264606778605163e-01
2.300000000000000000e+02 1.479639402238022983e-01
2.310000000000000000e+02 1.478683148846415274e-01
2.320000000000000000e+02 1.478249110099499886e-01
2.330000000000000000e+02 1.478003059782425077e-01
2.340000000000000000e+02 1.477855889419397162e-01
2.350000000000000000e+02 1.477705834060417667e-01
2.360000000000000000e+02 1.477346821279190980e-01
2.370000000000000000e+02 1.476960997945067078e-01
2.380000000000000000e+02 1.476813323114362919e-01
2.390000000000000000e+02 1.476574675698049399e-01
2.400000000000000000e+02 1.476437001883290634e-01
2.410000000000000000e+02 1.476239268994047893e-01
2.420000000000000000e+02 1.476015687812991528e-01
2.430000000000000000e+02 1.475843967295842885e-01
2.440000000000000000e+02 1.475673285986313921e-01
2.450000000000000000e+02 1.475542987333455791e-01
2.460000000000000000e+02 1.475443712380125061e-01
2.470000000000000000e+02 1.475350726282095293e-01
2.480000000000000000e+02 1.475262381134402057e-01
2.490000000000000000e+02 1.475189918326545724e-01
2.500000000000000000e+02 1.474974756603161241e-01
2.510000000000000000e+02 1.474783796845750006e-01
2.520000000000000000e+02 1.474435108815075890e-01
2.530000000000000000e+02 1.473634625966825096e-01
2.540000000000000000e+02 1.473132480468029859e-01
2.550000000000000000e+02 1.471775027543046899e-01
2.560000000000000000e+02 1.470787583434422785e-01
2.570000000000000000e+02 1.469937811928339333e-01
2.580000000000000000e+02 1.469319015870452216e-01
2.590000000000000000e+02 1.468392145842963570e-01
2.600000000000000000e+02 1.466860811546218391e-01
2.610000000000000000e+02 1.465986397803371033e-01
2.620000000000000000e+02 1.465303253838788067e-01
2.630000000000000000e+02 1.464934151015143127e-01
2.640000000000000000e+02 1.464628911934550137e-01
2.650000000000000000e+02 1.464328170402110774e-01
2.660000000000000000e+02 1.463904664407334189e-01
2.670000000000000000e+02 1.463855551416493039e-01
2.680000000000000000e+02 1.463451238208649252e-01
2.690000000000000000e+02 1.463293694604537731e-01
2.700000000000000000e+02 1.463083808204362901e-01
2.710000000000000000e+02 1.462774018111022978e-01
2.720000000000000000e+02 1.462230910791053329e-01
2.730000000000000000e+02 1.461486736817404208e-01
2.740000000000000000e+02 1.460295408847076259e-01
2.750000000000000000e+02 1.458808851689654129e-01
2.760000000000000000e+02 1.457260418703024696e-01
2.770000000000000000e+02 1.456135586581042973e-01
2.780000000000000000e+02 1.454352682721808676e-01
2.790000000000000000e+02 1.453182762335308575e-01
2.800000000000000000e+02 1.451100433520766675e-01
2.810000000000000000e+02 1.450304978671717870e-01
2.820000000000000000e+02 1.449188102191936445e-01
2.830000000000000000e+02 1.448212974332799274e-01
2.840000000000000000e+02 1.447580970227088371e-01
2.850000000000000000e+02 1.447241053893765783e-01
2.860000000000000000e+02 1.447015532613771527e-01
2.870000000000000000e+02 1.446644379305310757e-01
2.880000000000000000e+02 1.446369660816137492e-01
2.890000000000000000e+02 1.446242534728109930e-01
2.900000000000000000e+02 1.446166963708536424e-01
2.910000000000000000e+02 1.446044430343388087e-01
2.920000000000000000e+02 1.445901993831693322e-01
2.930000000000000000e+02 1.445799630638257838e-01
2.940000000000000000e+02 1.445705501583585406e-01
2.950000000000000000e+02 1.445658472164439712e-01
2.960000000000000000e+02 1.445635264842297374e-01
2.970000000000000000e+02 1.445595289025974617e-01
2.980000000000000000e+02 1.445556332040831560e-01
2.990000000000000000e+02 1.445523763601150036e-01
3.000000000000000000e+02 1.445496607678078416e-01
