1.177808979364323605e+00
1.128301529180759211e+00
5.833383932188794807e-01
1.145632962217111306e+00
-1.640869546533999801e-01
4.060586896739301066e-01
1.043331940865658503e+00
3.069865804174369828e-01
-1.088918584790196376e-01
7.052469642341893663e-02
4.484705658306518683e-01
1.046119485356198364e+00
6.469361784235980295e+00
1.295586146766285252e+00
1.335004394896730229e-01
-1.484405954605437117e+00
1.833548708850573528e+00
1.414098467374976575e+00
-2.605121090000985351e+00
1.435064691898381373e+00
1.629960087825728765e+00
4.080435293010096220e-01
2.280645254146056178e-01
1.296721734487403355e+00
