5.894244707557871887e-01
1.000606977453951218e+00
5.833356243950619247e-01
1.134955210890217892e+00
2.862293936895577429e-01
2.783527691693242767e-01
-1.283312282815216587e+00
1.070907967542256811e+00
3.414666914385108831e-01
4.081371775108513095e-02
4.484915372875116768e-01
1.810053106432091496e+00
4.640780145267091039e-01
2.832064463670624366e-01
1.335126306608201141e-01
-1.569044574357262523e+00
6.034032358186530720e-01
4.017099065502632849e-01
1.048309381952010622e+00
-4.520264996565669380e-01
3.998198408727559050e-01
-9.021027327687376474e-01
2.280642368045170398e-01
-5.903621740588675948e-01
-1.105164734422018569e+00
-6.558417776447280634e-01
1.168817102585839596e-01
8.592710072783306119e-01
8.712388189224591351e-01
-8.347906223179215601e-01
9.292888548868041276e-01
1.224093605896436454e+00
6.266489162721994299e-01
1.527244731942153821e+00
9.615001957472115723e-01
8.831437331008613612e-01
