8.784880429237512667e-01
-2.760256731378273876e-01
9.441348789543247966e-01
1.368628608682216585e+00
6.039120511983967488e-01
-7.127573020420142624e-01
5.354526667331301892e-01
4.162167270653318596e-01
2.004493261433340834e+00
1.448845096880902572e+00
2.051549047547712501e+00
1.501601412889358445e+00
-4.835501317833646451e-01
2.084356579375186591e+00
1.102630007578601967e+00
1.150097824309585792e-01
1.994146580639323263e+00
3.541223121281888431e-01
2.568535685287272052e+00
1.463732880815353576e+00
1.020428116785579764e+00
9.405619602910259003e-01
-1.106342912003658085e+00
3.299778093836377435e-01
