1.000000000000000000e+00 5.271086128398766446e-01
2.000000000000000000e+00 3.327350367139778609e-01
3.000000000000000000e+00 2.798032606140937739e-01
4.000000000000000000e+00 2.593656554343060083e-01
5.000000000000000000e+00 2.487891992228917215e-01
6.000000000000000000e+00 2.433878145700299200e-01
7.000000000000000000e+00 2.377110959066730811e-01
8.000000000000000000e+00 2.359176284841471016e-01
9.000000000000000000e+00 2.337865043707550994e-01
1.000000000000000000e+01 2.318003902403469874e-01
1.100000000000000000e+01 2.295938568392132118e-01
1.200000000000000000e+01 2.282155383393415782e-01
1.300000000000000000e+01 2.246112598751235090e-01
1.400000000000000000e+01 2.232014419615499512e-01
1.500000000000000000e+01 2.218177616204975999e-01
1.600000000000000000e+01 2.207110734462116031e-01
1.700000000000000000e+01 2.197770694293664506e-01
1.800000000000000000e+01 2.192215037160901159e-01
1.900000000000000000e+01 2.186307318860600535e-01
2.000000000000000000e+01 2.182914594627264337e-01
2.100000000000000000e+01 2.178688480903576419e-01
2.200000000000000000e+01 2.175617148738211160e-01
2.300000000000000000e+01 2.172890528995230219e-01
2.400000000000000000e+01 2.169121104292298929e-01
2.500000000000000000e+01 2.164549825277879980e-01
2.600000000000000000e+01 2.158198110286687621e-01
2.700000000000000000e+01 2.156957616114199283e-01
2.800000000000000000e+01 2.153596153913754918e-01
2.900000000000000000e+01 2.149553173039004950e-01
3.000000000000000000e+01 2.141543941442845822e-01
3.100000000000000000e+01 2.134432838006831146e-01
3.200000000000000000e+01 2.132510103638040611e-01
3.300000000000000000e+01 2.113704420063421408e-01
3.400000000000000000e+01 2.107538583192551662e-01
3.500000000000000000e+01 2.105014277057172256e-01
3.600000000000000000e+01 2.101480261245601833e-01
3.700000000000000000e+01 2.097936703389406687e-01
3.800000000000000000e+01 2.094070875948114419e-01
3.900000000000000000e+01 2.091329949371796004e-01
4.000000000000000000e+01 2.083760199604120789e-01
4.100000000000000000e+01 2.080971325719299658e-01
4.200000000000000000e+01 2.079140869788759782e-01
4.300000000000000000e+01 2.075899930468184107e-01
4.400000000000000000e+01 2.072867815819403603e-01
4.500000000000000000e+01 2.070830076893175331e-01
4.600000000000000000e+01 2.067221853690724143e-01
4.700000000000000000e+01 2.062896907251532963e-01
4.800000000000000000e+01 2.058609268222194311e-01
4.900000000000000000e+01 2.054331910464853306e-01
5.000000000000000000e+01 2.051087078528819052e-01
5.100000000000000000e+01 2.047055100307535458e-01
5.200000000000000000e+01 2.042664866167138160e-01
5.300000000000000000e+01 2.040695666189515367e-01
5.400000000000000000e+01 2.034962076679133203e-01
5.500000000000000000e+01 2.027837687646129317e-01
5.600000000000000000e+01 2.023610795459047651e-01
5.700000000000000000e+01 2.015170297260325816e-01
5.800000000000000000e+01 2.007959007168093335e-01
5.900000000000000000e+01 2.000288474497238789e-01
6.000000000000000000e+01 1.992567358177780856e-01
6.100000000000000000e+01 1.979586506751699615e-01
6.200000000000000000e+01 1.972938382490838916e-01
6.300000000000000000e+01 1.968736046588979161e-01
6.400000000000000000e+01 1.966211994264778773e-01
6.500000000000000000e+01 1.958930444011386385e-01
6.600000000000000000e+01 1.953154152987062186e-01
6.700000000000000000e+01 1.950205142990616425e-01
6.800000000000000000e+01 1.942617437079374454e-01
6.900000000000000000e+01 1.938960807458624258e-01
7.000000000000000000e+01 1.932760725342140273e-01
7.100000000000000000e+01 1.928943532078987444e-01
7.200000000000000000e+01 1.925030611887506016e-01
7.300000000000000000e+01 1.921234141900956538e-01
7.400000000000000000e+01 1.918938797018964471e-01
7.500000000000000000e+01 1.916321695947127424e-01
7.600000000000000000e+01 1.912210970559053980e-01
7.700000000000000000e+01 1.909639593287869863e-01
7.800000000000000000e+01 1.906220114292241641e-01
7.900000000000000000e+01 1.904021887811862268e-01
8.000000000000000000e+01 1.900706880058755099e-01
8.100000000000000000e+01 1.897292535975944050e-01
8.200000000000000000e+01 1.891651652526511185e-01
8.300000000000000000e+01 1.887169174641385450e-01
8.400000000000000000e+01 1.884386061737168550e-01
8.500000000000000000e+01 1.879447675122175032e-01
8.600000000000000000e+01 1.872217528491247895e-01
8.700000000000000000e+01 1.870290939849629241e-01
8.800000000000000000e+01 1.860237249041054586e-01
8.900000000000000000e+01 1.853370504379329153e-01
9.000000000000000000e+01 1.849500988773346288e-01
9.100000000000000000e+01 1.844495419599974928e-01
9.200000000000000000e+01 1.837467824096212510e-01
9.300000000000000000e+01 1.832008923821482616e-01
9.400000000000000000e+01 1.824658835966853354e-01
9.500000000000000000e+01 1.812624460514479785e-01
9.600000000000000000e+01 1.800795882639496248e-01
9.700000000000000000e+01 1.795075519467760894e-01
9.800000000000000000e+01 1.789616838564086487e-01
9.900000000000000000e+01 1.783981274188036481e-01
1.000000000000000000e+02 1.779417652692018292e-01
1.010000000000000000e+02 1.778967288490110044e-01
1.020000000000000000e+02 1.774676131745675234e-01
1.030000000000000000e+02 1.770855895370307687e-01
1.040000000000000000e+02 1.770076122905913929e-01
1.050000000000000000e+02 1.768153244621084030e-01
1.060000000000000000e+02 1.766594660790830607e-01
1.070000000000000000e+02 1.764682876405636314e-01
1.080000000000000000e+02 1.763226323145923313e-01
1.090000000000000000e+02 1.762345203413831773e-01
1.100000000000000000e+02 1.761109019132014453e-01
1.110000000000000000e+02 1.759486151414387245e-01
1.120000000000000000e+02 1.757663972594747659e-01
1.130000000000000000e+02 1.755727024921326096e-01
1.140000000000000000e+02 1.752995242391419128e-01
1.150000000000000000e+02 1.751711915505344552e-01
1.160000000000000000e+02 1.750183152148807875e-01
1.170000000000000000e+02 1.748911991113309139e-01
1.180000000000000000e+02 1.748090309196420888e-01
1.190000000000000000e+02 1.747364533330905412e-01
1.200000000000000000e+02 1.746357694092027235e-01
1.210000000000000000e+02 1.745479318001955382e-01
1.220000000000000000e+02 1.744804095217710183e-01
1.230000000000000000e+02 1.744146591937595081e-01
1.240000000000000000e+02 1.743590385855230407e-01
1.250000000000000000e+02 1.742636535039508716e-01
1.260000000000000000e+02 1.740146235470637626e-01
1.270000000000000000e+02 1.738664322840169918e-01
1.280000000000000000e+02 1.737655080337200952e-01
1.290000000000000000e+02 1.736077098868080149e-01
1.300000000000000000e+02 1.735672121535570545e-01
1.310000000000000000e+02 1.735054729411961150e-01
1.320000000000000000e+02 1.734257591062903781e-01
1.330000000000000000e+02 1.733778180768568988e-01
1.340000000000000000e+02 1.732930125441258518e-01
1.350000000000000000e+02 1.731912002078616619e-01
1.360000000000000000e+02 1.730876541144770464e-01
1.370000000000000000e+02 1.729032450716972147e-01
1.380000000000000000e+02 1.726570830785735255e-01
1.390000000000000000e+02 1.724795866564584612e-01
1.400000000000000000e+02 1.723673488605823312e-01
1.410000000000000000e+02 1.722896827097825101e-01
1.420000000000000000e+02 1.722269389869156564e-01
1.430000000000000000e+02 1.721168035731197310e-01
1.440000000000000000e+02 1.720364037407828284e-01
1.450000000000000000e+02 1.718647634500177213e-01
1.460000000000000000e+02 1.717665229709389452e-01
1.470000000000000000e+02 1.716226171773943265e-01
1.480000000000000000e+02 1.715545721242623944e-01
1.490000000000000000e+02 1.714788752582118159e-01
1.500000000000000000e+02 1.713860730791492704e-01
1.510000000000000000e+02 1.713471007261615220e-01
1.520000000000000000e+02 1.713076282765965130e-01
1.530000000000000000e+02 1.712680636446500815e-01
1.540000000000000000e+02 1.712197729844785465e-01
1.550000000000000000e+02 1.711836778232696255e-01
1.560000000000000000e+02 1.711637485288088900e-01
1.570000000000000000e+02 1.711480061799013352e-01
1.580000000000000000e+02 1.711384988247238448e-01
1.590000000000000000e+02 1.711151394038211149e-01
1.600000000000000000e+02 1.710927528353957117e-01
1.610000000000000000e+02 1.710660913190358567e-01
1.620000000000000000e+02 1.710425518965506264e-01
1.630000000000000000e+02 1.710175565545649090e-01
1.640000000000000000e+02 1.709877811035745154e-01
1.650000000000000000e+02 1.709540567993154403e-01
1.660000000000000000e+02 1.709281777639767297e-01
1.670000000000000000e+02 1.709085294966775359e-01
1.680000000000000000e+02 1.708866352909132469e-01
1.690000000000000000e+02 1.708542846467816512e-01
1.700000000000000000e+02 1.708292366113126903e-01
1.710000000000000000e+02 1.707867273635828853e-01
1.720000000000000000e+02 1.707722335118498636e-01
1.730000000000000000e+02 1.707544460764835459e-01
1.740000000000000000e+02 1.707365259250765155e-01
1.750000000000000000e+02 1.707265899142114685e-01
1.760000000000000000e+02 1.707167675758257952e-01
1.770000000000000000e+02 1.707048335059188626e-01
1.780000000000000000e+02 1.706927926810621332e-01
1.790000000000000000e+02 1.706747556582017544e-01
1.800000000000000000e+02 1.706621895549843282e-01
1.810000000000000000e+02 1.706478388203838126e-01
1.820000000000000000e+02 1.706293676375210955e-01
1.830000000000000000e+02 1.706128922040804352e-01
1.840000000000000000e+02 1.706017468226982692e-01
1.850000000000000000e+02 1.705821068854639355e-01
1.860000000000000000e+02 1.705643178449731401e-01
1.870000000000000000e+02 1.705389669804603381e-01
1.880000000000000000e+02 1.705261984863151170e-01
1.890000000000000000e+02 1.705116293233925329e-01
1.900000000000000000e+02 1.705066219725436261e-01
1.910000000000000000e+02 1.704978812661408494e-01
1.920000000000000000e+02 1.704878060558964736e-01
1.930000000000000000e+02 1.704696685388632504e-01
1.940000000000000000e+02 1.704469259061537068e-01
1.950000000000000000e+02 1.704201754737557917e-01
1.960000000000000000e+02 1.703896298047660740e-01
1.970000000000000000e+02 1.703684951917892598e-01
1.980000000000000000e+02 1.703561674334687082e-01
1.990000000000000000e+02 1.703393600301480459e-01
2.000000000000000000e+02 1.703235247962279764e-01
2.010000000000000000e+02 1.702996273148430773e-01
2.020000000000000000e+02 1.702704528528234951e-01
2.030000000000000000e+02 1.702275656835649242e-01
2.040000000000000000e+02 1.701769134732807054e-01
2.050000000000000000e+02 1.701525101692431263e-01
2.060000000000000000e+02 1.701310637741373921e-01
2.070000000000000000e+02 1.701120085719315944e-01
2.080000000000000000e+02 1.700991137630314398e-01
2.090000000000000000e+02 1.700943248371272754e-01
2.100000000000000000e+02 1.700841901694877534e-01
