7.636676112353973922e-01
5.579012122278612651e-01
-1.522580413304683189e+00
2.165446241039764352e+00
1.953904949143622005e+00
-6.227991883618126945e-01
-6.323758355684818699e-01
-1.411323603864472753e-01
3.477193289089485884e+00
-2.989304322296680236e-02
2.289326047903681882e+00
-3.743242772869710411e-01
1.255288166093027513e+00
1.224865960220905103e+00
1.621448529816993389e+00
2.377908528666607069e+00
2.089775011244567882e+00
9.629820377973792311e-01
-1.299691676788911510e+00
-1.097007897815953648e+00
-2.418043499193943013e+00
-1.475436358525650915e+00
4.959271859469490673e-01
1.651349996915654428e+00
