-3.298812598577095107e-02
2.071391360535908555e-01
8.554112564414992903e-01
-4.462097097625690179e-01
-1.096733914312541414e+00
2.983347554900870821e-04
1.406083687524527059e+00
1.088319047600437628e+00
-4.597286189073390150e-01
-6.204204708641961608e-01
3.329290488933020487e-01
1.427788848733885230e+00
8.384660227700313495e-01
8.794713275013104070e-01
7.819565104600773031e-01
-3.045092431146962514e-02
4.172408971544727674e-01
1.036897880076292688e+00
7.030343621129392373e-01
7.646994149953630915e-01
4.709361543619001167e-01
-1.612125454125999946e-01
8.505787816574892357e-01
-1.331751529762847941e-01
2.823457612451883314e+00
9.800973682841568335e-01
8.857278116198038509e-01
1.296329988896664398e+00
-2.085709724889828753e-01
3.295002969266566661e-01
-4.702839149034300226e-01
1.091006046884996084e-01
-3.388250575383789376e-01
-1.772099598989324565e-01
9.121998194967935181e-01
2.503296409563824931e-01
