1.000000000000000000e+00 2.946352845996674241e-01
2.000000000000000000e+00 2.147812103560575170e-01
3.000000000000000000e+00 1.748807345377701716e-01
4.000000000000000000e+00 1.520084742914571685e-01
5.000000000000000000e+00 1.436486547386621460e-01
6.000000000000000000e+00 1.321545685034674622e-01
7.000000000000000000e+00 1.197842553425741419e-01
8.000000000000000000e+00 1.075545048299362677e-01
9.000000000000000000e+00 9.560761361436309613e-02
1.000000000000000000e+01 8.774415638669674777e-02
1.100000000000000000e+01 7.590451422450061880e-02
1.200000000000000000e+01 7.182378328343806684e-02
1.300000000000000000e+01 6.890321277260817723e-02
1.400000000000000000e+01 6.724888310269663827e-02
1.500000000000000000e+01 6.514223121815893025e-02
1.600000000000000000e+01 6.259895496060856324e-02
1.700000000000000000e+01 6.131031568072300292e-02
1.800000000000000000e+01 6.063416936257058631e-02
1.900000000000000000e+01 6.026916726050680212e-02
2.000000000000000000e+01 6.001683053423542691e-02
2.100000000000000000e+01 5.967504268152779706e-02
2.200000000000000000e+01 5.921317408520830605e-02
2.300000000000000000e+01 5.819184365815439214e-02
2.400000000000000000e+01 5.754036031564680603e-02
2.500000000000000000e+01 5.601300964520816023e-02
2.600000000000000000e+01 5.504179450324295925e-02
2.700000000000000000e+01 5.466951939753486589e-02
2.800000000000000000e+01 5.438778820269032227e-02
2.900000000000000000e+01 5.413325328960293809e-02
3.000000000000000000e+01 5.389644945661284381e-02
3.100000000000000000e+01 5.363240861553324884e-02
3.200000000000000000e+01 5.329473736305355425e-02
3.300000000000000000e+01 5.251742363978154082e-02
3.400000000000000000e+01 5.239315933375244400e-02
3.500000000000000000e+01 5.216625108241683406e-02
3.600000000000000000e+01 5.201947622626252460e-02
3.700000000000000000e+01 5.184420409142886238e-02
3.800000000000000000e+01 5.165974619421039027e-02
3.900000000000000000e+01 5.149011104813764478e-02
4.000000000000000000e+01 5.126552257679900526e-02
4.100000000000000000e+01 5.096521149387304300e-02
4.200000000000000000e+01 5.078290421243819575e-02
4.300000000000000000e+01 5.071179976495240188e-02
4.400000000000000000e+01 5.065548720151956397e-02
4.500000000000000000e+01 5.045066479385965780e-02
4.600000000000000000e+01 5.023777712431572173e-02
4.700000000000000000e+01 5.012321672355254942e-02
4.800000000000000000e+01 4.983856568763793404e-02
4.900000000000000000e+01 4.970630745235490172e-02
5.000000000000000000e+01 4.957214271044836640e-02
5.100000000000000000e+01 4.937442235974145999e-02
5.200000000000000000e+01 4.925549158538911065e-02
5.300000000000000000e+01 4.911299375213674240e-02
5.400000000000000000e+01 4.899373524232559368e-02
5.500000000000000000e+01 4.890340871485614194e-02
5.600000000000000000e+01 4.879117974339293451e-02
5.700000000000000000e+01 4.857769303496020652e-02
5.800000000000000000e+01 4.839181597376362304e-02
5.900000000000000000e+01 4.811510672551573553e-02
6.000000000000000000e+01 4.770161399937986740e-02
6.100000000000000000e+01 4.758182160174975056e-02
6.200000000000000000e+01 4.718846692362163586e-02
6.300000000000000000e+01 4.685825166074176346e-02
6.400000000000000000e+01 4.648498598660026626e-02
6.500000000000000000e+01 4.605157290075417159e-02
6.600000000000000000e+01 4.597962847037481704e-02
6.700000000000000000e+01 4.570876394272550824e-02
6.800000000000000000e+01 4.556353491916446952e-02
6.900000000000000000e+01 4.541474034566147372e-02
7.000000000000000000e+01 4.522450276399400670e-02
7.100000000000000000e+01 4.496120165212337538e-02
7.200000000000000000e+01 4.481704957798360311e-02
7.300000000000000000e+01 4.460233063764894312e-02
7.400000000000000000e+01 4.455778302136922248e-02
7.500000000000000000e+01 4.451646267526195022e-02
7.600000000000000000e+01 4.445302766701551833e-02
7.700000000000000000e+01 4.434120356733026874e-02
7.800000000000000000e+01 4.414861912386473103e-02
7.900000000000000000e+01 4.399971212118078401e-02
8.000000000000000000e+01 4.392912667596839821e-02
8.100000000000000000e+01 4.379529708646768410e-02
8.200000000000000000e+01 4.370880444687339633e-02
8.300000000000000000e+01 4.362920084380657315e-02
8.400000000000000000e+01 4.356087117783964680e-02
8.500000000000000000e+01 4.346384435047988964e-02
8.600000000000000000e+01 4.334085619884645718e-02
8.700000000000000000e+01 4.323880422110833177e-02
8.800000000000000000e+01 4.313249226671004438e-02
8.900000000000000000e+01 4.308935433068541987e-02
9.000000000000000000e+01 4.305160333758087376e-02
9.100000000000000000e+01 4.300159510658830425e-02
9.200000000000000000e+01 4.291335936142218199e-02
9.300000000000000000e+01 4.283718959766105727e-02
9.400000000000000000e+01 4.268751970960199538e-02
9.500000000000000000e+01 4.259895094250595177e-02
9.600000000000000000e+01 4.249317250203422242e-02
9.700000000000000000e+01 4.246984087592071966e-02
9.800000000000000000e+01 4.228867673828361901e-02
9.900000000000000000e+01 4.222345136747203409e-02
1.000000000000000000e+02 4.215642988459260276e-02
1.010000000000000000e+02 4.208982655313273785e-02
1.020000000000000000e+02 4.204666790519951541e-02
1.030000000000000000e+02 4.200688472144761126e-02
1.040000000000000000e+02 4.196266554714583180e-02
1.050000000000000000e+02 4.194598095470254695e-02
1.060000000000000000e+02 4.191015276834036962e-02
1.070000000000000000e+02 4.188496606330285865e-02
1.080000000000000000e+02 4.184981706700795917e-02
1.090000000000000000e+02 4.178910074415446291e-02
1.100000000000000000e+02 4.169431324334543776e-02
1.110000000000000000e+02 4.152583414237353415e-02
1.120000000000000000e+02 4.140609665445731807e-02
1.130000000000000000e+02 4.127831204067044374e-02
1.140000000000000000e+02 4.120993773088416079e-02
1.150000000000000000e+02 4.110699013742065422e-02
1.160000000000000000e+02 4.098954022249765017e-02
1.170000000000000000e+02 4.088352554993889693e-02
1.180000000000000000e+02 4.079010884046345431e-02
1.190000000000000000e+02 4.067385076157772894e-02
1.200000000000000000e+02 4.050199880301309091e-02
1.210000000000000000e+02 4.043395235497496132e-02
1.220000000000000000e+02 4.037272252946564471e-02
1.230000000000000000e+02 4.016904094439373990e-02
1.240000000000000000e+02 3.995992586554945186e-02
1.250000000000000000e+02 3.982952939896133165e-02
1.260000000000000000e+02 3.967201458421045629e-02
1.270000000000000000e+02 3.949000938023988772e-02
1.280000000000000000e+02 3.936063009977838756e-02
1.290000000000000000e+02 3.924566134468811945e-02
1.300000000000000000e+02 3.910259229213246951e-02
1.310000000000000000e+02 3.892773458565738226e-02
1.320000000000000000e+02 3.874663990670662583e-02
1.330000000000000000e+02 3.859158006436826799e-02
1.340000000000000000e+02 3.839766081923549207e-02
1.350000000000000000e+02 3.821977439778721786e-02
1.360000000000000000e+02 3.813381325261454985e-02
1.370000000000000000e+02 3.795369260347611351e-02
1.380000000000000000e+02 3.785977669332800388e-02
1.390000000000000000e+02 3.772208221107327397e-02
1.400000000000000000e+02 3.743023869912212587e-02
1.410000000000000000e+02 3.732800458171073310e-02
1.420000000000000000e+02 3.706574337651744738e-02
1.430000000000000000e+02 3.688451645839643106e-02
1.440000000000000000e+02 3.673315151076516488e-02
1.450000000000000000e+02 3.660870471485487554e-02
1.460000000000000000e+02 3.652210347020478504e-02
1.470000000000000000e+02 3.643967132111096408e-02
1.480000000000000000e+02 3.631742360686416454e-02
1.490000000000000000e+02 3.623048850743752769e-02
1.500000000000000000e+02 3.616137345664236641e-02
1.510000000000000000e+02 3.604091851930493751e-02
1.520000000000000000e+02 3.587603860517225851e-02
1.530000000000000000e+02 3.573968824216824242e-02
1.540000000000000000e+02 3.564207049094058471e-02
1.550000000000000000e+02 3.551289445876359974e-02
1.560000000000000000e+02 3.538580219162078266e-02
1.570000000000000000e+02 3.521523240446797903e-02
1.580000000000000000e+02 3.490878128226551635e-02
1.590000000000000000e+02 3.463155546427826303e-02
1.600000000000000000e+02 3.424689331741350568e-02
1.610000000000000000e+02 3.383755935231758105e-02
1.620000000000000000e+02 3.336125839090797046e-02
1.630000000000000000e+02 3.279944747088174573e-02
1.640000000000000000e+02 3.250677095073841588e-02
1.650000000000000000e+02 3.240475640543560160e-02
1.660000000000000000e+02 3.231754369025346962e-02
1.670000000000000000e+02 3.221926766129536851e-02
1.680000000000000000e+02 3.208798127665114797e-02
1.690000000000000000e+02 3.200449346662401218e-02
1.700000000000000000e+02 3.190997715198224532e-02
1.710000000000000000e+02 3.177130584005102149e-02
1.720000000000000000e+02 3.169900190103193405e-02
1.730000000000000000e+02 3.161165257922677468e-02
1.740000000000000000e+02 3.136240906850999710e-02
1.750000000000000000e+02 3.126401448104448866e-02
1.760000000000000000e+02 3.119127106553222853e-02
1.770000000000000000e+02 3.110996530262369678e-02
1.780000000000000000e+02 3.103063548949749201e-02
1.790000000000000000e+02 3.090449653567620136e-02
1.800000000000000000e+02 3.083618497333573058e-02
1.810000000000000000e+02 3.074698357714400476e-02
1.820000000000000000e+02 3.071110788294159274e-02
1.830000000000000000e+02 3.068232601135354592e-02
1.840000000000000000e+02 3.065094405688546103e-02
1.850000000000000000e+02 3.060957118048097253e-02
1.860000000000000000e+02 3.056656604310311470e-02
1.870000000000000000e+02 3.052545122025834487e-02
1.880000000000000000e+02 3.046283961722540470e-02
1.890000000000000000e+02 3.039077016148477098e-02
1.900000000000000000e+02 3.031830075614085421e-02
1.910000000000000000e+02 3.023566953176620373e-02
1.920000000000000000e+02 3.020195591982829247e-02
1.930000000000000000e+02 3.017071294849793181e-02
1.940000000000000000e+02 3.014306976475006686e-02
1.950000000000000000e+02 3.010086631418053618e-02
1.960000000000000000e+02 3.008366943130497823e-02
1.970000000000000000e+02 3.002383452459070345e-02
1.980000000000000000e+02 3.000208647520370697e-02
1.990000000000000000e+02 2.996737507649872845e-02
2.000000000000000000e+02 2.991424092833741902e-02
2.010000000000000000e+02 2.984812310463941590e-02
2.020000000000000000e+02 2.979453323630595202e-02
2.030000000000000000e+02 2.974337692245514544e-02
2.040000000000000000e+02 2.971285186598313088e-02
2.050000000000000000e+02 2.966356434579352219e-02
2.060000000000000000e+02 2.960080269121318636e-02
2.070000000000000000e+02 2.953103871679312736e-02
2.080000000000000000e+02 2.945916605795313725e-02
2.090000000000000000e+02 2.939000518839841869e-02
2.100000000000000000e+02 2.932684679052558613e-02
2.110000000000000000e+02 2.925621216034251029e-02
2.120000000000000000e+02 2.917285386288181667e-02
2.130000000000000000e+02 2.912584588126178320e-02
2.140000000000000000e+02 2.906629035602034325e-02
2.150000000000000000e+02 2.902162141245146279e-02
2.160000000000000000e+02 2.898366268414578201e-02
2.170000000000000000e+02 2.895441164273241524e-02
2.180000000000000000e+02 2.891817636107596803e-02
2.190000000000000000e+02 2.887348201667243319e-02
2.200000000000000000e+02 2.883786123923196693e-02
