1.000000000000000000e+00 4.966216497263128971e-01
2.000000000000000000e+00 3.342545552693551580e-01
3.000000000000000000e+00 2.596429906932615772e-01
4.000000000000000000e+00 2.386012505712248877e-01
5.000000000000000000e+00 2.241025685350258034e-01
6.000000000000000000e+00 2.143659795292508496e-01
7.000000000000000000e+00 1.877992133112816875e-01
8.000000000000000000e+00 1.652357536872336996e-01
9.000000000000000000e+00 1.464396933171803472e-01
1.000000000000000000e+01 1.351120445606427412e-01
1.100000000000000000e+01 1.266789194917814221e-01
1.200000000000000000e+01 1.053344287357353554e-01
1.300000000000000000e+01 9.387541941164730119e-02
1.400000000000000000e+01 8.619220304927223408e-02
1.500000000000000000e+01 8.344689308770325553e-02
1.600000000000000000e+01 7.799968861594248903e-02
1.700000000000000000e+01 7.402237413265064236e-02
1.800000000000000000e+01 7.063543280110617939e-02
1.900000000000000000e+01 6.916562353580830991e-02
2.000000000000000000e+01 6.843706936254234652e-02
2.100000000000000000e+01 6.747643328240109095e-02
2.200000000000000000e+01 6.694602896558349281e-02
2.300000000000000000e+01 6.649642124766894091e-02
2.400000000000000000e+01 6.611458695184641021e-02
2.500000000000000000e+01 6.576155974052123876e-02
2.600000000000000000e+01 6.533328833616945663e-02
2.700000000000000000e+01 6.508464195127071361e-02
2.800000000000000000e+01 6.496120758329664013e-02
2.900000000000000000e+01 6.479903208074330734e-02
3.000000000000000000e+01 6.456513434327708356e-02
3.100000000000000000e+01 6.418810433813522398e-02
3.200000000000000000e+01 6.397831298462035299e-02
3.300000000000000000e+01 6.366067908457422042e-02
3.400000000000000000e+01 6.339436647026153171e-02
3.500000000000000000e+01 6.312073632086660779e-02
3.600000000000000000e+01 6.294794228052115470e-02
3.700000000000000000e+01 6.261673645416727940e-02
3.800000000000000000e+01 6.244446166084498262e-02
3.900000000000000000e+01 6.216605004227085396e-02
4.000000000000000000e+01 6.174043490060740491e-02
4.100000000000000000e+01 6.141629140184679675e-02
4.200000000000000000e+01 6.109681779290920822e-02
4.300000000000000000e+01 6.094181550735153219e-02
4.400000000000000000e+01 6.072350904717278147e-02
4.500000000000000000e+01 6.027199469516431735e-02
4.600000000000000000e+01 6.012911789810602287e-02
4.700000000000000000e+01 5.985755319025908711e-02
4.800000000000000000e+01 5.970994553646300634e-02
4.900000000000000000e+01 5.917372483906019331e-02
5.000000000000000000e+01 5.874251523224944399e-02
5.100000000000000000e+01 5.828338290680291217e-02
5.200000000000000000e+01 5.813050286492103119e-02
5.300000000000000000e+01 5.747336254032887198e-02
5.400000000000000000e+01 5.713386800456569242e-02
5.500000000000000000e+01 5.679804733053527011e-02
5.600000000000000000e+01 5.634529250278966228e-02
5.700000000000000000e+01 5.599532252832380153e-02
5.800000000000000000e+01 5.547731413133366596e-02
5.900000000000000000e+01 5.522553471412461334e-02
6.000000000000000000e+01 5.484448573378679359e-02
6.100000000000000000e+01 5.441293051781360274e-02
6.200000000000000000e+01 5.398832673063600623e-02
6.300000000000000000e+01 5.381906244697000352e-02
6.400000000000000000e+01 5.373586556828852806e-02
6.500000000000000000e+01 5.357086996955417318e-02
6.600000000000000000e+01 5.337843456770178380e-02
6.700000000000000000e+01 5.323030605803429766e-02
6.800000000000000000e+01 5.305280590688674081e-02
6.900000000000000000e+01 5.293953529784636153e-02
7.000000000000000000e+01 5.262608826812846530e-02
7.100000000000000000e+01 5.233059286892864648e-02
7.200000000000000000e+01 5.206044027616985731e-02
7.300000000000000000e+01 5.187084295948853757e-02
7.400000000000000000e+01 5.165551782220013932e-02
7.500000000000000000e+01 5.137656734123519781e-02
7.600000000000000000e+01 5.110734662410372497e-02
7.700000000000000000e+01 5.063989289118851073e-02
7.800000000000000000e+01 5.035092316999885409e-02
7.900000000000000000e+01 5.000501556511664086e-02
8.000000000000000000e+01 4.942306003673564013e-02
8.100000000000000000e+01 4.836319044428818992e-02
8.200000000000000000e+01 4.807362025332637123e-02
8.300000000000000000e+01 4.702970123002761516e-02
8.400000000000000000e+01 4.672179535610612722e-02
8.500000000000000000e+01 4.630256586489577691e-02
8.600000000000000000e+01 4.539317453308285705e-02
8.700000000000000000e+01 4.498910323085183322e-02
8.800000000000000000e+01 4.380155223205723508e-02
8.900000000000000000e+01 4.331882802434734031e-02
9.000000000000000000e+01 4.303189934630521213e-02
9.100000000000000000e+01 4.235584475106480423e-02
9.200000000000000000e+01 4.170644661893892213e-02
9.300000000000000000e+01 4.109173042120829733e-02
9.400000000000000000e+01 4.093873896311887861e-02
9.500000000000000000e+01 4.056231634531772684e-02
9.600000000000000000e+01 4.034674182988710195e-02
9.700000000000000000e+01 4.001311921125355608e-02
9.800000000000000000e+01 3.972691383702289802e-02
9.900000000000000000e+01 3.952911085503181543e-02
1.000000000000000000e+02 3.928059202516542836e-02
1.010000000000000000e+02 3.895981888273581523e-02
1.020000000000000000e+02 3.886559700961597641e-02
1.030000000000000000e+02 3.859725117818193357e-02
1.040000000000000000e+02 3.844092288806266744e-02
1.050000000000000000e+02 3.826117885314055805e-02
1.060000000000000000e+02 3.803365957016904830e-02
1.070000000000000000e+02 3.769795765791098680e-02
1.080000000000000000e+02 3.755989919992807485e-02
1.090000000000000000e+02 3.731994332446255530e-02
1.100000000000000000e+02 3.711582193837253268e-02
1.110000000000000000e+02 3.677070997374538852e-02
1.120000000000000000e+02 3.662465376735557498e-02
1.130000000000000000e+02 3.623752140218716722e-02
1.140000000000000000e+02 3.592289829274016022e-02
1.150000000000000000e+02 3.579157389702418424e-02
1.160000000000000000e+02 3.563467224836428665e-02
1.170000000000000000e+02 3.556367915230394111e-02
1.180000000000000000e+02 3.550944012210161677e-02
1.190000000000000000e+02 3.546335365352345365e-02
1.200000000000000000e+02 3.534624522640706507e-02
1.210000000000000000e+02 3.510826564268935968e-02
1.220000000000000000e+02 3.496844153451904996e-02
1.230000000000000000e+02 3.468143058190419070e-02
1.240000000000000000e+02 3.458658227020505044e-02
1.250000000000000000e+02 3.450345076830184377e-02
1.260000000000000000e+02 3.443605633655402037e-02
1.270000000000000000e+02 3.434951453548405753e-02
1.280000000000000000e+02 3.423498276902901122e-02
1.290000000000000000e+02 3.416780177732987867e-02
1.300000000000000000e+02 3.408914356386803790e-02
1.310000000000000000e+02 3.403029739557081323e-02
1.320000000000000000e+02 3.393581376894749119e-02
1.330000000000000000e+02 3.377524753724425038e-02
1.340000000000000000e+02 3.365089402235897642e-02
1.350000000000000000e+02 3.362741361279431712e-02
1.360000000000000000e+02 3.355855469123982665e-02
1.370000000000000000e+02 3.354134539768571094e-02
1.380000000000000000e+02 3.350658781715911555e-02
1.390000000000000000e+02 3.346351172290322473e-02
1.400000000000000000e+02 3.342249129461637852e-02
1.410000000000000000e+02 3.338730801968769341e-02
1.420000000000000000e+02 3.335445101157876596e-02
1.430000000000000000e+02 3.332134197849469237e-02
1.440000000000000000e+02 3.329832122697444496e-02
1.450000000000000000e+02 3.326133826976796631e-02
1.460000000000000000e+02 3.324977553490173626e-02
1.470000000000000000e+02 3.323463171693673973e-02
1.480000000000000000e+02 3.322809742235278280e-02
1.490000000000000000e+02 3.320818991609939680e-02
1.500000000000000000e+02 3.318225333604521432e-02
1.510000000000000000e+02 3.314923309715718525e-02
1.520000000000000000e+02 3.312105316452119974e-02
1.530000000000000000e+02 3.310488801719457114e-02
1.540000000000000000e+02 3.308413292743536682e-02
1.550000000000000000e+02 3.307254193427362765e-02
1.560000000000000000e+02 3.305668422333151585e-02
1.570000000000000000e+02 3.304681283941401926e-02
1.580000000000000000e+02 3.304163426487119470e-02
1.590000000000000000e+02 3.301928359903380517e-02
1.600000000000000000e+02 3.298875693105260409e-02
1.610000000000000000e+02 3.295591537931315262e-02
1.620000000000000000e+02 3.292050594120184831e-02
1.630000000000000000e+02 3.290885941204352294e-02
1.640000000000000000e+02 3.288002062579418322e-02
1.650000000000000000e+02 3.285224097749553374e-02
1.660000000000000000e+02 3.280801560862606214e-02
1.670000000000000000e+02 3.275886056314269296e-02
1.680000000000000000e+02 3.273921948307686319e-02
1.690000000000000000e+02 3.270378164402497345e-02
1.700000000000000000e+02 3.266047140461700304e-02
1.710000000000000000e+02 3.260597753305800178e-02
1.720000000000000000e+02 3.249983233910557628e-02
1.730000000000000000e+02 3.238463725642812957e-02
1.740000000000000000e+02 3.222397377049671108e-02
1.750000000000000000e+02 3.215359043388466703e-02
1.760000000000000000e+02 3.209802204269292247e-02
1.770000000000000000e+02 3.208185121903767839e-02
1.780000000000000000e+02 3.203199126274444697e-02
1.790000000000000000e+02 3.200438249447839362e-02
1.800000000000000000e+02 3.199232793276511611e-02
1.810000000000000000e+02 3.197114391747423595e-02
1.820000000000000000e+02 3.193260339041188028e-02
1.830000000000000000e+02 3.187733085078523626e-02
1.840000000000000000e+02 3.184892978850791673e-02
1.850000000000000000e+02 3.183027020083428055e-02
1.860000000000000000e+02 3.180923142626213701e-02
1.870000000000000000e+02 3.178955226636942522e-02
1.880000000000000000e+02 3.175680712083220336e-02
1.890000000000000000e+02 3.174948237949277996e-02
1.900000000000000000e+02 3.174254126115894081e-02
1.910000000000000000e+02 3.173305136517545061e-02
1.920000000000000000e+02 3.172294546888923539e-02
1.930000000000000000e+02 3.170889981400153157e-02
1.940000000000000000e+02 3.169350769932864631e-02
1.950000000000000000e+02 3.168117656990707132e-02
1.960000000000000000e+02 3.167073459990640133e-02
1.970000000000000000e+02 3.164879187024349089e-02
1.980000000000000000e+02 3.164300619423878608e-02
1.990000000000000000e+02 3.161921172902044941e-02
2.000000000000000000e+02 3.161210481147166268e-02
2.010000000000000000e+02 3.160694330512862221e-02
2.020000000000000000e+02 3.159778102505019642e-02
2.030000000000000000e+02 3.159424414849185819e-02
2.040000000000000000e+02 3.157979699443536764e-02
2.050000000000000000e+02 3.157091591716125467e-02
2.060000000000000000e+02 3.156635752288892288e-02
2.070000000000000000e+02 3.155814137077329884e-02
2.080000000000000000e+02 3.155120286397585655e-02
2.090000000000000000e+02 3.153991986427185507e-02
2.100000000000000000e+02 3.152150583870846901e-02
