1.099947858127770184e+00
9.503241725171137633e-01
8.554131814135584877e-01
1.214062442250614771e+00
9.233740727524673009e-01
7.434818501289525150e-01
2.535397317413962348e+00
5.410164427716996904e-01
1.560380770683478691e+00
-2.799133296785141223e-01
5.255827702199680207e-01
8.804879373016767374e-01
-4.217294888756125126e-01
4.959064705979778637e-02
9.746136398143767643e-01
-4.470744073715638423e-01
-6.103843303083963945e-02
2.070141084005738263e-01
1.620825890317341367e+00
1.709771963107843185e+00
-7.339075765656032958e-03
2.413902833144708104e+00
4.773907645072738015e-01
8.118944897531858995e-01
2.027262410102434131e+00
4.723137074953949743e-01
5.125416333504655420e-01
1.717047697616162383e+00
-9.049670962917549799e-02
-1.782766737972213966e-01
1.068651060610722014e+00
7.508034900803668421e-01
-2.207466401956066915e-01
-6.691469874529079598e-02
2.819166465969324617e-02
8.920344283948157260e-01
