-4.373641652423198578e-01
1.993919906834995259e-01
6.975014324200311533e-01
3.286403269375502423e-01
-9.227025383860724128e-01
5.184328269645054332e-01
1.535389917569138563e+00
3.158487812567565833e-01
1.592055991201658527e+00
1.154215462129006387e+00
6.230015716787666857e-01
-7.672414179579634119e-02
7.259287794496497304e-01
2.305092435330432232e-01
1.317812357099030551e+00
7.043647344056663817e-01
6.040707842829521335e-01
2.634824390886485013e+00
5.782076060065051148e-01
-2.135936288850538656e+00
2.426268842965294548e-01
9.092310953638861326e-01
-7.437582128405350046e-01
4.958148045881936583e-01
