1.000000000000000000e+00 1.101534968232825040e+00
2.000000000000000000e+00 3.507937827052400870e-01
3.000000000000000000e+00 2.078046255079207816e-01
4.000000000000000000e+00 1.730701574072692484e-01
5.000000000000000000e+00 1.393564413883349729e-01
6.000000000000000000e+00 1.173923147408359180e-01
7.000000000000000000e+00 9.711398523774045222e-02
8.000000000000000000e+00 8.618706039530818486e-02
9.000000000000000000e+00 7.701784090297941754e-02
1.000000000000000000e+01 6.741457559744361283e-02
1.100000000000000000e+01 6.258019085958226035e-02
1.200000000000000000e+01 5.786144744131926226e-02
1.300000000000000000e+01 5.604860422093278782e-02
1.400000000000000000e+01 5.408653495378704101e-02
1.500000000000000000e+01 5.214840455103329081e-02
1.600000000000000000e+01 4.958033288034512792e-02
1.700000000000000000e+01 4.635992163281756062e-02
1.800000000000000000e+01 4.428006251993050341e-02
1.900000000000000000e+01 4.310524746375089811e-02
2.000000000000000000e+01 4.184430842778019688e-02
2.100000000000000000e+01 4.103264588316113404e-02
2.200000000000000000e+01 3.999675429081288314e-02
2.300000000000000000e+01 3.904867571547639832e-02
2.400000000000000000e+01 3.822080585181687057e-02
2.500000000000000000e+01 3.759084023511814754e-02
2.600000000000000000e+01 3.709935230227234121e-02
2.700000000000000000e+01 3.656591222103432876e-02
2.800000000000000000e+01 3.605446555919957635e-02
2.900000000000000000e+01 3.553676678952778778e-02
3.000000000000000000e+01 3.508181433061911825e-02
3.100000000000000000e+01 3.436517725379630711e-02
3.200000000000000000e+01 3.405336448800559690e-02
3.300000000000000000e+01 3.341817556854478205e-02
3.400000000000000000e+01 3.312365329660731106e-02
3.500000000000000000e+01 3.266116508381421146e-02
3.600000000000000000e+01 3.239759554491519061e-02
3.700000000000000000e+01 3.219796291722427928e-02
3.800000000000000000e+01 3.190013923490670616e-02
3.900000000000000000e+01 3.182524960895415783e-02
4.000000000000000000e+01 3.154991415151847667e-02
4.100000000000000000e+01 3.138755595805972631e-02
4.200000000000000000e+01 3.121735562033180894e-02
4.300000000000000000e+01 3.108412164516586099e-02
4.400000000000000000e+01 3.092793348663726988e-02
4.500000000000000000e+01 3.073591171298682700e-02
4.600000000000000000e+01 3.056997922427566461e-02
4.700000000000000000e+01 3.031128946746362851e-02
4.800000000000000000e+01 3.022532943147015691e-02
4.900000000000000000e+01 3.013124854030519578e-02
5.000000000000000000e+01 3.006485930420176381e-02
5.100000000000000000e+01 3.002042667231595227e-02
5.200000000000000000e+01 2.995999043520701857e-02
5.300000000000000000e+01 2.986137629255890269e-02
5.400000000000000000e+01 2.979878285474822988e-02
5.500000000000000000e+01 2.974022580961736134e-02
5.600000000000000000e+01 2.961118239397099103e-02
5.700000000000000000e+01 2.956169138986715350e-02
5.800000000000000000e+01 2.949060637392852957e-02
5.900000000000000000e+01 2.934499524733180306e-02
6.000000000000000000e+01 2.928252883502994314e-02
6.100000000000000000e+01 2.916848584153392335e-02
6.200000000000000000e+01 2.911979394072994679e-02
6.300000000000000000e+01 2.904100595926521755e-02
6.400000000000000000e+01 2.896342745922405454e-02
6.500000000000000000e+01 2.887680621581849294e-02
6.600000000000000000e+01 2.882589286760691913e-02
6.700000000000000000e+01 2.876993112145715542e-02
6.800000000000000000e+01 2.872384800497028781e-02
6.900000000000000000e+01 2.864975764849838832e-02
7.000000000000000000e+01 2.858276616439991979e-02
7.100000000000000000e+01 2.848991292144436790e-02
7.200000000000000000e+01 2.843486029385514785e-02
7.300000000000000000e+01 2.834025749163274557e-02
7.400000000000000000e+01 2.828744528527779578e-02
7.500000000000000000e+01 2.822809290851869754e-02
7.600000000000000000e+01 2.813457847486021401e-02
7.700000000000000000e+01 2.811005333812325452e-02
7.800000000000000000e+01 2.800998492896832406e-02
7.900000000000000000e+01 2.797993205940580222e-02
8.000000000000000000e+01 2.793927254678497604e-02
8.100000000000000000e+01 2.791001165685418062e-02
8.200000000000000000e+01 2.785454437410261538e-02
8.300000000000000000e+01 2.782068773166541942e-02
8.400000000000000000e+01 2.778097933958982926e-02
8.500000000000000000e+01 2.773414065125341665e-02
8.600000000000000000e+01 2.771998062900519338e-02
8.700000000000000000e+01 2.767125034476279957e-02
8.800000000000000000e+01 2.764368262264389059e-02
8.900000000000000000e+01 2.757844640495536043e-02
9.000000000000000000e+01 2.749281296927885698e-02
9.100000000000000000e+01 2.744235627399921676e-02
9.200000000000000000e+01 2.735223243745107946e-02
9.300000000000000000e+01 2.723476386234210955e-02
9.400000000000000000e+01 2.712153084636497596e-02
9.500000000000000000e+01 2.704747543497128953e-02
9.600000000000000000e+01 2.688150742616949446e-02
9.700000000000000000e+01 2.679935018714750192e-02
9.800000000000000000e+01 2.671303312036640842e-02
9.900000000000000000e+01 2.665420809432862692e-02
1.000000000000000000e+02 2.661351263979349832e-02
1.010000000000000000e+02 2.657649698866514434e-02
1.020000000000000000e+02 2.650565383627852961e-02
1.030000000000000000e+02 2.644594161352558856e-02
1.040000000000000000e+02 2.637772389217035024e-02
1.050000000000000000e+02 2.623358425708625236e-02
1.060000000000000000e+02 2.610962740925753395e-02
1.070000000000000000e+02 2.601772694328714775e-02
1.080000000000000000e+02 2.591472602817983251e-02
1.090000000000000000e+02 2.586763386884666574e-02
1.100000000000000000e+02 2.580693066318868675e-02
1.110000000000000000e+02 2.571975341630773626e-02
1.120000000000000000e+02 2.562884945179665086e-02
1.130000000000000000e+02 2.553576022749273061e-02
1.140000000000000000e+02 2.545370102934024423e-02
1.150000000000000000e+02 2.536085432399150588e-02
1.160000000000000000e+02 2.528453246110948932e-02
1.170000000000000000e+02 2.522913074727818963e-02
1.180000000000000000e+02 2.497985453126434774e-02
1.190000000000000000e+02 2.489170894892721655e-02
1.200000000000000000e+02 2.480552456659060670e-02
1.210000000000000000e+02 2.473454488720988262e-02
1.220000000000000000e+02 2.469433892621048648e-02
1.230000000000000000e+02 2.463889641187466326e-02
1.240000000000000000e+02 2.460916297833576696e-02
1.250000000000000000e+02 2.457506250292071370e-02
1.260000000000000000e+02 2.452671351535813324e-02
1.270000000000000000e+02 2.446983272404113299e-02
1.280000000000000000e+02 2.442289607328502685e-02
1.290000000000000000e+02 2.432072196475611528e-02
1.300000000000000000e+02 2.427465959122979480e-02
1.310000000000000000e+02 2.422746135482974073e-02
1.320000000000000000e+02 2.418595260207851566e-02
1.330000000000000000e+02 2.412960469373605712e-02
1.340000000000000000e+02 2.405585686604708520e-02
1.350000000000000000e+02 2.399429499247051137e-02
1.360000000000000000e+02 2.394850530700545072e-02
1.370000000000000000e+02 2.386773733492294353e-02
1.380000000000000000e+02 2.378529940554573174e-02
1.390000000000000000e+02 2.369364743525620778e-02
1.400000000000000000e+02 2.363829607274080258e-02
1.410000000000000000e+02 2.358837705294290071e-02
1.420000000000000000e+02 2.356629209396134475e-02
1.430000000000000000e+02 2.353830268341921064e-02
1.440000000000000000e+02 2.342467117591908593e-02
1.450000000000000000e+02 2.332153143205438831e-02
1.460000000000000000e+02 2.322951496854823786e-02
1.470000000000000000e+02 2.315541779324649385e-02
1.480000000000000000e+02 2.310080150088735657e-02
1.490000000000000000e+02 2.302276279615181678e-02
1.500000000000000000e+02 2.297153412657996011e-02
1.510000000000000000e+02 2.290780023893896830e-02
1.520000000000000000e+02 2.286303100829703561e-02
1.530000000000000000e+02 2.281740830720871416e-02
1.540000000000000000e+02 2.278615051065742067e-02
1.550000000000000000e+02 2.274460975061163778e-02
1.560000000000000000e+02 2.270225325691788143e-02
1.570000000000000000e+02 2.266114789440489344e-02
1.580000000000000000e+02 2.264848477172999933e-02
1.590000000000000000e+02 2.262584170937585737e-02
1.600000000000000000e+02 2.261501657464526707e-02
1.610000000000000000e+02 2.259549403811998008e-02
1.620000000000000000e+02 2.257488261718342340e-02
1.630000000000000000e+02 2.255913200997611626e-02
1.640000000000000000e+02 2.254746761467734881e-02
1.650000000000000000e+02 2.253963210309124082e-02
1.660000000000000000e+02 2.253001760750506996e-02
1.670000000000000000e+02 2.250936796666968068e-02
1.680000000000000000e+02 2.250110399734773017e-02
1.690000000000000000e+02 2.249248981351519364e-02
1.700000000000000000e+02 2.248664880505083646e-02
1.710000000000000000e+02 2.248020464447654521e-02
1.720000000000000000e+02 2.246802369168168084e-02
1.730000000000000000e+02 2.245390785013157142e-02
1.740000000000000000e+02 2.243862478241298586e-02
1.750000000000000000e+02 2.242758107394449141e-02
1.760000000000000000e+02 2.241540188266414463e-02
1.770000000000000000e+02 2.240824436360283264e-02
1.780000000000000000e+02 2.240125871774571037e-02
1.790000000000000000e+02 2.239317066390475106e-02
1.800000000000000000e+02 2.238309004151215961e-02
1.810000000000000000e+02 2.237139983206464303e-02
1.820000000000000000e+02 2.235531134457125965e-02
1.830000000000000000e+02 2.234820012189807012e-02
1.840000000000000000e+02 2.233908416082814458e-02
1.850000000000000000e+02 2.232580920262423191e-02
1.860000000000000000e+02 2.231694360371701963e-02
1.870000000000000000e+02 2.231084485828716338e-02
1.880000000000000000e+02 2.230292608030809767e-02
1.890000000000000000e+02 2.230093583447402203e-02
1.900000000000000000e+02 2.229818454133628003e-02
1.910000000000000000e+02 2.229600889487432305e-02
1.920000000000000000e+02 2.229369465207799161e-02
1.930000000000000000e+02 2.229095260015566404e-02
1.940000000000000000e+02 2.228840442630404192e-02
1.950000000000000000e+02 2.228164594106215798e-02
1.960000000000000000e+02 2.227828283633447037e-02
