-1.240556083198259829e+00
1.447846422544286193e+00
4.270459326202925149e-02
4.957130806254725908e-01
-8.114583325167997740e-01
-8.859127709184573263e-01
2.614892167297456549e+00
3.262101632706868731e-02
1.754575311854038144e+00
1.421229241085347539e+00
3.176491131010937163e+00
5.140300568239406509e-01
-2.047325318832458496e+00
8.621945873373655367e-01
1.381524256864420597e+00
2.501898017954820475e+00
1.555224577696337152e+00
2.001437125133905592e+00
-3.574703587751433820e-01
-8.528774153534436353e-01
-1.187244963254538765e+00
-2.148546530218727324e-01
3.050656815041285164e+00
-1.736663838725913234e+00
