9.564857933093409703e-02
9.543492343715080928e-01
8.554104211081305920e-01
-1.151886372810534409e+00
1.031779837645182996e+00
7.475079505090455045e-01
-3.209624713105333482e-01
7.550514879480914043e-01
1.668786107356003967e+00
-4.981964924140096507e-01
8.203786601232242459e-01
1.094520390703673574e+00
1.905361406447601880e+00
3.230217078315948398e-01
9.746119428460957579e-01
-6.336633484316600562e-01
3.132238466024287460e-01
4.804470884748384130e-01
1.026463119398419277e+00
1.195711914789591601e+00
3.669184885895119819e-01
2.013129054846753085e+00
3.661545400839390507e-01
2.978371209269465858e-01
6.641956416605249158e-01
1.219221501408092712e+00
5.125386793100303873e-01
1.625529834576115107e+00
5.213578538846994626e-01
5.686274891805281895e-01
2.096038979009444692e+00
2.995055810753972647e-01
3.911050132532501999e-01
-1.544759811673025451e-01
8.723478672974644965e-01
4.407362531952007667e-01
