6.670317641831634559e-01
1.811740609700818877e-02
8.554101223714014601e-01
2.064727082733100794e+00
-1.449567597288287379e-01
-1.887238447938335006e-01
1.898534371977033341e+00
-1.671040659696277075e-01
4.920454789432814890e-01
-1.375682325666403694e+00
5.255844020216273726e-01
1.723635897133801997e-01
1.654029605041050788e+00
-7.789122771811123058e-02
9.746110478047881331e-01
-2.653647055814420397e-01
5.801011455314834808e-02
7.953312850498464592e-02
-4.035446146840911408e-01
1.910977942067727087e+00
1.117092228397356252e-01
-2.205606727237956921e+00
4.773897668670138428e-01
1.013100307152996926e+00
