1.000000000000000000e+00 3.734340025476541314e-01
2.000000000000000000e+00 3.105563090626939915e-01
3.000000000000000000e+00 2.612661601987509297e-01
4.000000000000000000e+00 2.369359701674850216e-01
5.000000000000000000e+00 2.015612663846966246e-01
6.000000000000000000e+00 1.719381620485288531e-01
7.000000000000000000e+00 1.578387036996541370e-01
8.000000000000000000e+00 1.522242547661790402e-01
9.000000000000000000e+00 1.415568555365311898e-01
1.000000000000000000e+01 1.343634006602807129e-01
1.100000000000000000e+01 1.203397662583363947e-01
1.200000000000000000e+01 1.177831671515643386e-01
1.300000000000000000e+01 1.101416199968716647e-01
1.400000000000000000e+01 1.009310907194209128e-01
1.500000000000000000e+01 9.561360158271126064e-02
1.600000000000000000e+01 9.289287787615994885e-02
1.700000000000000000e+01 9.130042277067337841e-02
1.800000000000000000e+01 8.865233453291368471e-02
1.900000000000000000e+01 8.781115361069248559e-02
2.000000000000000000e+01 8.727386634623447714e-02
2.100000000000000000e+01 8.704838119936182672e-02
2.200000000000000000e+01 8.678341402852839115e-02
2.300000000000000000e+01 8.599202416766089929e-02
2.400000000000000000e+01 8.543974761592437739e-02
2.500000000000000000e+01 8.505575330216010033e-02
2.600000000000000000e+01 8.481936042152689315e-02
2.700000000000000000e+01 8.461178432654634096e-02
2.800000000000000000e+01 8.442067552897547511e-02
2.900000000000000000e+01 8.417117632702543484e-02
3.000000000000000000e+01 8.383543934247550400e-02
3.100000000000000000e+01 8.373000496715574115e-02
3.200000000000000000e+01 8.294261898970675673e-02
3.300000000000000000e+01 8.236874387980844259e-02
3.400000000000000000e+01 8.126594808118606239e-02
3.500000000000000000e+01 7.976557701144314227e-02
3.600000000000000000e+01 7.675045223135884553e-02
3.700000000000000000e+01 7.394504958980877007e-02
3.800000000000000000e+01 7.253367881709228693e-02
3.900000000000000000e+01 7.186255282073412964e-02
4.000000000000000000e+01 7.144756776621336014e-02
4.100000000000000000e+01 7.138361305927259925e-02
4.200000000000000000e+01 7.111514406978845793e-02
4.300000000000000000e+01 7.088326533997783840e-02
4.400000000000000000e+01 7.031286890041045512e-02
4.500000000000000000e+01 6.959413804194865272e-02
4.600000000000000000e+01 6.829846251780953559e-02
4.700000000000000000e+01 6.704467691692367337e-02
4.800000000000000000e+01 6.627355973090476304e-02
4.900000000000000000e+01 6.588268590133740388e-02
5.000000000000000000e+01 6.561668092792467821e-02
5.100000000000000000e+01 6.523623570565818819e-02
5.200000000000000000e+01 6.489155504167203048e-02
5.300000000000000000e+01 6.455774777369222006e-02
5.400000000000000000e+01 6.424209223705328042e-02
5.500000000000000000e+01 6.381238995430602023e-02
5.600000000000000000e+01 6.358253066304547785e-02
5.700000000000000000e+01 6.317254487783059702e-02
5.800000000000000000e+01 6.292886237188501097e-02
5.900000000000000000e+01 6.270033881675797505e-02
6.000000000000000000e+01 6.254846581616285706e-02
6.100000000000000000e+01 6.243256753629895794e-02
6.200000000000000000e+01 6.206258105908890599e-02
6.300000000000000000e+01 6.197619872864486984e-02
6.400000000000000000e+01 6.183365941682349848e-02
6.500000000000000000e+01 6.169042247375412791e-02
6.600000000000000000e+01 6.136062057765623301e-02
6.700000000000000000e+01 6.125773144680328464e-02
6.800000000000000000e+01 6.116954433179575684e-02
6.900000000000000000e+01 6.095974853008870320e-02
7.000000000000000000e+01 6.082976472253755901e-02
7.100000000000000000e+01 6.069277944291678190e-02
7.200000000000000000e+01 6.059870582561052016e-02
7.300000000000000000e+01 6.051965128623378043e-02
7.400000000000000000e+01 6.031976988973145049e-02
7.500000000000000000e+01 6.010057117023394346e-02
7.600000000000000000e+01 5.993184811024588471e-02
7.700000000000000000e+01 5.983810637312356878e-02
7.800000000000000000e+01 5.981145400680429325e-02
7.900000000000000000e+01 5.974977212701847867e-02
8.000000000000000000e+01 5.969323007340460868e-02
8.100000000000000000e+01 5.964441476653245533e-02
8.200000000000000000e+01 5.958553466711655200e-02
8.300000000000000000e+01 5.952732946955523879e-02
8.400000000000000000e+01 5.947340995743015390e-02
8.500000000000000000e+01 5.943935694498223704e-02
8.600000000000000000e+01 5.942148375078243339e-02
8.700000000000000000e+01 5.937565081697682851e-02
8.800000000000000000e+01 5.927762459495105468e-02
8.900000000000000000e+01 5.910987295186323487e-02
9.000000000000000000e+01 5.902897117430883078e-02
9.100000000000000000e+01 5.887451438396575781e-02
9.200000000000000000e+01 5.874348372213665515e-02
9.300000000000000000e+01 5.868889893787282430e-02
9.400000000000000000e+01 5.845895486353486908e-02
9.500000000000000000e+01 5.827871510363080709e-02
9.600000000000000000e+01 5.799242437741194967e-02
9.700000000000000000e+01 5.786366950092389216e-02
9.800000000000000000e+01 5.755254566389157722e-02
9.900000000000000000e+01 5.693604009086590534e-02
1.000000000000000000e+02 5.549729787155548849e-02
1.010000000000000000e+02 5.501028769194411805e-02
1.020000000000000000e+02 5.369654465027563772e-02
1.030000000000000000e+02 5.339456385648226611e-02
1.040000000000000000e+02 5.197375734100116718e-02
1.050000000000000000e+02 5.141376798109444785e-02
1.060000000000000000e+02 5.080033530785914297e-02
1.070000000000000000e+02 5.051041130412967789e-02
1.080000000000000000e+02 5.022110211441506433e-02
1.090000000000000000e+02 4.978072355633175738e-02
1.100000000000000000e+02 4.967500648904685234e-02
1.110000000000000000e+02 4.944052416519756354e-02
1.120000000000000000e+02 4.929147826404279426e-02
1.130000000000000000e+02 4.907522507168733672e-02
1.140000000000000000e+02 4.900272848388254748e-02
1.150000000000000000e+02 4.888079993964113135e-02
1.160000000000000000e+02 4.882551316490709586e-02
1.170000000000000000e+02 4.875088254558677253e-02
1.180000000000000000e+02 4.869152215010953688e-02
1.190000000000000000e+02 4.865313550683091764e-02
1.200000000000000000e+02 4.858751375671081785e-02
1.210000000000000000e+02 4.856325101143452172e-02
1.220000000000000000e+02 4.851460895632258435e-02
1.230000000000000000e+02 4.844872287070451505e-02
1.240000000000000000e+02 4.837425504869002912e-02
1.250000000000000000e+02 4.834246245914774337e-02
1.260000000000000000e+02 4.826347400373690727e-02
1.270000000000000000e+02 4.823656337039543274e-02
1.280000000000000000e+02 4.820035854923512136e-02
1.290000000000000000e+02 4.815760812608124719e-02
1.300000000000000000e+02 4.812735059535801219e-02
1.310000000000000000e+02 4.809785166824772501e-02
1.320000000000000000e+02 4.807394300042619473e-02
1.330000000000000000e+02 4.805706134109098693e-02
1.340000000000000000e+02 4.803718656702716389e-02
1.350000000000000000e+02 4.800985259101487462e-02
1.360000000000000000e+02 4.798461503479140716e-02
1.370000000000000000e+02 4.795346547360149203e-02
1.380000000000000000e+02 4.788903829450927990e-02
1.390000000000000000e+02 4.778401330943583131e-02
1.400000000000000000e+02 4.769584612306932564e-02
1.410000000000000000e+02 4.761670537990714963e-02
1.420000000000000000e+02 4.753552460468670610e-02
1.430000000000000000e+02 4.748562750810401273e-02
1.440000000000000000e+02 4.742010928598734687e-02
1.450000000000000000e+02 4.735011196982437387e-02
1.460000000000000000e+02 4.722421120714427600e-02
1.470000000000000000e+02 4.699348291332988703e-02
1.480000000000000000e+02 4.671858603454029368e-02
1.490000000000000000e+02 4.631027294552796797e-02
1.500000000000000000e+02 4.544690682597121723e-02
1.510000000000000000e+02 4.505772641873959788e-02
1.520000000000000000e+02 4.449481725009773320e-02
1.530000000000000000e+02 4.368798567066904670e-02
1.540000000000000000e+02 4.289289374421224876e-02
1.550000000000000000e+02 4.179465664347021409e-02
1.560000000000000000e+02 4.116575353285382988e-02
1.570000000000000000e+02 4.033105023799197358e-02
1.580000000000000000e+02 3.961564614537841506e-02
1.590000000000000000e+02 3.955206677045761121e-02
1.600000000000000000e+02 3.859343517773657084e-02
1.610000000000000000e+02 3.820717862431567691e-02
1.620000000000000000e+02 3.776103576185727700e-02
1.630000000000000000e+02 3.747364546397157631e-02
1.640000000000000000e+02 3.735671970490313243e-02
1.650000000000000000e+02 3.719756023048544080e-02
1.660000000000000000e+02 3.707406829005581439e-02
1.670000000000000000e+02 3.692200944765167830e-02
1.680000000000000000e+02 3.689609750361921153e-02
1.690000000000000000e+02 3.687295304574329108e-02
1.700000000000000000e+02 3.682043588080745333e-02
1.710000000000000000e+02 3.678814340362353968e-02
1.720000000000000000e+02 3.674599815070266756e-02
1.730000000000000000e+02 3.671168562455822543e-02
1.740000000000000000e+02 3.668947251645670454e-02
1.750000000000000000e+02 3.666390901438754818e-02
1.760000000000000000e+02 3.665219621485983625e-02
1.770000000000000000e+02 3.662747584290269171e-02
1.780000000000000000e+02 3.661163847371205066e-02
1.790000000000000000e+02 3.659679439065574580e-02
1.800000000000000000e+02 3.658806170357649379e-02
1.810000000000000000e+02 3.657738836077144284e-02
1.820000000000000000e+02 3.656669654256365642e-02
1.830000000000000000e+02 3.655295692638710348e-02
1.840000000000000000e+02 3.654646208982384459e-02
1.850000000000000000e+02 3.653800471734094252e-02
1.860000000000000000e+02 3.652861842938066178e-02
1.870000000000000000e+02 3.651342484010724337e-02
1.880000000000000000e+02 3.650536074363180256e-02
1.890000000000000000e+02 3.648921541260510132e-02
1.900000000000000000e+02 3.646764611293610431e-02
1.910000000000000000e+02 3.643863606317557235e-02
1.920000000000000000e+02 3.641061890103990811e-02
1.930000000000000000e+02 3.638292239937947897e-02
1.940000000000000000e+02 3.636365194603961154e-02
1.950000000000000000e+02 3.634603759350715779e-02
1.960000000000000000e+02 3.633284394751078866e-02
1.970000000000000000e+02 3.632518398717212577e-02
1.980000000000000000e+02 3.631062814210080092e-02
1.990000000000000000e+02 3.629764988687020355e-02
2.000000000000000000e+02 3.629033794461090923e-02
2.010000000000000000e+02 3.626782472448469158e-02
2.020000000000000000e+02 3.626180371788639140e-02
2.030000000000000000e+02 3.625124839835483503e-02
2.040000000000000000e+02 3.623610926411866690e-02
2.050000000000000000e+02 3.622477613392936086e-02
2.060000000000000000e+02 3.620724135066972355e-02
2.070000000000000000e+02 3.619937748847795733e-02
2.080000000000000000e+02 3.619354039417436303e-02
2.090000000000000000e+02 3.618838273254134513e-02
2.100000000000000000e+02 3.618076960519193280e-02
2.110000000000000000e+02 3.615495327140134246e-02
2.120000000000000000e+02 3.614548215946764009e-02
2.130000000000000000e+02 3.613997454215606142e-02
2.140000000000000000e+02 3.613469927074677845e-02
2.150000000000000000e+02 3.612625518226988269e-02
2.160000000000000000e+02 3.610805636123198825e-02
2.170000000000000000e+02 3.609703432364012865e-02
2.180000000000000000e+02 3.608051059612268907e-02
2.190000000000000000e+02 3.605933539151423561e-02
2.200000000000000000e+02 3.605072576303483545e-02
2.210000000000000000e+02 3.604287267627490771e-02
2.220000000000000000e+02 3.601718591563469324e-02
2.230000000000000000e+02 3.599440577579218759e-02
2.240000000000000000e+02 3.596986118556104450e-02
2.250000000000000000e+02 3.592962402599900879e-02
2.260000000000000000e+02 3.588228289727434656e-02
2.270000000000000000e+02 3.583012342897548552e-02
2.280000000000000000e+02 3.579087445622885361e-02
2.290000000000000000e+02 3.576585041658602443e-02
2.300000000000000000e+02 3.575786590161293688e-02
2.310000000000000000e+02 3.575082013526745955e-02
2.320000000000000000e+02 3.573884883537162965e-02
2.330000000000000000e+02 3.572414321709208723e-02
2.340000000000000000e+02 3.571203215986519519e-02
2.350000000000000000e+02 3.570322698538717227e-02
2.360000000000000000e+02 3.569864677641722966e-02
2.370000000000000000e+02 3.569485447059256300e-02
2.380000000000000000e+02 3.567764265693072062e-02
2.390000000000000000e+02 3.566755152475370449e-02
2.400000000000000000e+02 3.565178776064002047e-02
2.410000000000000000e+02 3.563362580336112972e-02
2.420000000000000000e+02 3.562647052087188765e-02
2.430000000000000000e+02 3.561766212204026116e-02
2.440000000000000000e+02 3.561039684364891017e-02
2.450000000000000000e+02 3.560270379349966818e-02
2.460000000000000000e+02 3.559084096903432359e-02
2.470000000000000000e+02 3.558459284064369177e-02
2.480000000000000000e+02 3.557265307364124857e-02
2.490000000000000000e+02 3.556619131131110584e-02
2.500000000000000000e+02 3.555987217090195857e-02
2.510000000000000000e+02 3.555283193142443759e-02
2.520000000000000000e+02 3.554586553969963508e-02
2.530000000000000000e+02 3.553937050118065322e-02
2.540000000000000000e+02 3.553240390281566657e-02
2.550000000000000000e+02 3.552671503899963029e-02
2.560000000000000000e+02 3.550642869789164685e-02
2.570000000000000000e+02 3.549659334053808374e-02
2.580000000000000000e+02 3.547506890187795275e-02
2.590000000000000000e+02 3.545211798324100771e-02
2.600000000000000000e+02 3.543679917323819262e-02
2.610000000000000000e+02 3.541036287268949090e-02
2.620000000000000000e+02 3.540150591727127261e-02
2.630000000000000000e+02 3.539421098970146895e-02
2.640000000000000000e+02 3.538131273253255354e-02
2.650000000000000000e+02 3.537214127307209549e-02
2.660000000000000000e+02 3.533368239386167065e-02
2.670000000000000000e+02 3.532227841875471008e-02
2.680000000000000000e+02 3.530484726443534893e-02
2.690000000000000000e+02 3.529173642198919769e-02
2.700000000000000000e+02 3.527112471998263693e-02
2.710000000000000000e+02 3.523594667595061208e-02
2.720000000000000000e+02 3.521652505997217159e-02
2.730000000000000000e+02 3.519523465327561995e-02
2.740000000000000000e+02 3.518097290124796994e-02
2.750000000000000000e+02 3.515976235172718622e-02
2.760000000000000000e+02 3.514680809145854373e-02
2.770000000000000000e+02 3.512716620203468199e-02
2.780000000000000000e+02 3.511852032771350246e-02
2.790000000000000000e+02 3.511086559394126227e-02
2.800000000000000000e+02 3.510235889351847466e-02
2.810000000000000000e+02 3.507464975410951036e-02
2.820000000000000000e+02 3.506617623737828121e-02
2.830000000000000000e+02 3.504174474642061943e-02
2.840000000000000000e+02 3.503488839102326252e-02
2.850000000000000000e+02 3.502695902088603236e-02
2.860000000000000000e+02 3.502107274997476316e-02
2.870000000000000000e+02 3.501685387982748227e-02
2.880000000000000000e+02 3.500282368851385939e-02
2.890000000000000000e+02 3.499474454819331837e-02
2.900000000000000000e+02 3.498402006106214601e-02
2.910000000000000000e+02 3.497830506898438885e-02
2.920000000000000000e+02 3.497309712677888066e-02
2.930000000000000000e+02 3.496919014420030863e-02
2.940000000000000000e+02 3.496726147172211224e-02
2.950000000000000000e+02 3.496511070175455094e-02
2.960000000000000000e+02 3.496404472863630375e-02
2.970000000000000000e+02 3.496196727544090277e-02
2.980000000000000000e+02 3.495802164614824487e-02
2.990000000000000000e+02 3.495677507173924892e-02
3.000000000000000000e+02 3.495460672387024070e-02
