1.000000000000000000e+00 8.816245224446199735e-01
2.000000000000000000e+00 2.940539782625913867e-01
3.000000000000000000e+00 2.138176441997750865e-01
4.000000000000000000e+00 1.423867115178586440e-01
5.000000000000000000e+00 1.330318379177356514e-01
6.000000000000000000e+00 1.285302332815422000e-01
7.000000000000000000e+00 1.235959266136077150e-01
8.000000000000000000e+00 1.130246419900523963e-01
9.000000000000000000e+00 9.502109974717447283e-02
1.000000000000000000e+01 8.918165303150964174e-02
1.100000000000000000e+01 8.456538159694176882e-02
1.200000000000000000e+01 8.309874387901942938e-02
1.300000000000000000e+01 8.224313606000858978e-02
1.400000000000000000e+01 8.164195582767895532e-02
1.500000000000000000e+01 8.073564488767219494e-02
1.600000000000000000e+01 7.993355819637645854e-02
1.700000000000000000e+01 7.882941659651228339e-02
1.800000000000000000e+01 7.800993483533834316e-02
1.900000000000000000e+01 7.731721336930470756e-02
2.000000000000000000e+01 7.694492381219515675e-02
2.100000000000000000e+01 7.638455221178232224e-02
2.200000000000000000e+01 7.573288640752878775e-02
2.300000000000000000e+01 7.440749762655099464e-02
2.400000000000000000e+01 7.263608845663403757e-02
2.500000000000000000e+01 7.081260841073147572e-02
2.600000000000000000e+01 6.992647203811161449e-02
2.700000000000000000e+01 6.945100555661017083e-02
2.800000000000000000e+01 6.849727826549786847e-02
2.900000000000000000e+01 6.814964617130273017e-02
3.000000000000000000e+01 6.792103452947197140e-02
3.100000000000000000e+01 6.749329235212271627e-02
3.200000000000000000e+01 6.673848324106548824e-02
3.300000000000000000e+01 6.611803839651170245e-02
3.400000000000000000e+01 6.492470237188698035e-02
3.500000000000000000e+01 6.384401731380667799e-02
3.600000000000000000e+01 6.247492526349250619e-02
3.700000000000000000e+01 6.156128391504789299e-02
3.800000000000000000e+01 6.053813603097790014e-02
3.900000000000000000e+01 5.979734016963959842e-02
4.000000000000000000e+01 5.894818056415072199e-02
4.100000000000000000e+01 5.760914743775069624e-02
4.200000000000000000e+01 5.720804465715914611e-02
4.300000000000000000e+01 5.684623336838767749e-02
4.400000000000000000e+01 5.670818503764157859e-02
4.500000000000000000e+01 5.647999864365730455e-02
4.600000000000000000e+01 5.643568041048831196e-02
4.700000000000000000e+01 5.617385139211384520e-02
4.800000000000000000e+01 5.603890586970052684e-02
4.900000000000000000e+01 5.586491626485916989e-02
5.000000000000000000e+01 5.571929074335625620e-02
5.100000000000000000e+01 5.555902134010337612e-02
5.200000000000000000e+01 5.547321717236166488e-02
5.300000000000000000e+01 5.538141177037468610e-02
5.400000000000000000e+01 5.533182332936448927e-02
5.500000000000000000e+01 5.520141565203516565e-02
5.600000000000000000e+01 5.508332580163777942e-02
5.700000000000000000e+01 5.496350346339740761e-02
5.800000000000000000e+01 5.473333255270599468e-02
5.900000000000000000e+01 5.453128836418327796e-02
6.000000000000000000e+01 5.424760180325729347e-02
6.100000000000000000e+01 5.413746979473545856e-02
6.200000000000000000e+01 5.387707679025174889e-02
6.300000000000000000e+01 5.383080912882178687e-02
6.400000000000000000e+01 5.372988609468874743e-02
6.500000000000000000e+01 5.363948383745414938e-02
6.600000000000000000e+01 5.357263593753570224e-02
6.700000000000000000e+01 5.351612789016362698e-02
6.800000000000000000e+01 5.341614427725885350e-02
6.900000000000000000e+01 5.334173990318905739e-02
7.000000000000000000e+01 5.321423930231303917e-02
7.100000000000000000e+01 5.312253199398990489e-02
7.200000000000000000e+01 5.304812602441359021e-02
7.300000000000000000e+01 5.294364385395382983e-02
7.400000000000000000e+01 5.288140703504537465e-02
7.500000000000000000e+01 5.281865152862670609e-02
7.600000000000000000e+01 5.280365520241213362e-02
7.700000000000000000e+01 5.276840321768247466e-02
7.800000000000000000e+01 5.273306114000434613e-02
7.900000000000000000e+01 5.270696273063559673e-02
8.000000000000000000e+01 5.267944365046794281e-02
8.100000000000000000e+01 5.265791226362234040e-02
8.200000000000000000e+01 5.264287839459703966e-02
8.300000000000000000e+01 5.261905709220935506e-02
8.400000000000000000e+01 5.261163806831584133e-02
8.500000000000000000e+01 5.259260493918366947e-02
8.600000000000000000e+01 5.257368814908901927e-02
8.700000000000000000e+01 5.255617884074945123e-02
8.800000000000000000e+01 5.253469589287487751e-02
8.900000000000000000e+01 5.251856818736246740e-02
9.000000000000000000e+01 5.249936627089771268e-02
9.100000000000000000e+01 5.248785540459671717e-02
9.200000000000000000e+01 5.247871630818694982e-02
9.300000000000000000e+01 5.247454372593906430e-02
9.400000000000000000e+01 5.246756096241369377e-02
9.500000000000000000e+01 5.246486172431371470e-02
9.600000000000000000e+01 5.246088265848013882e-02
9.700000000000000000e+01 5.245633657372972963e-02
9.800000000000000000e+01 5.245156241509013606e-02
9.900000000000000000e+01 5.244821338674708622e-02
1.000000000000000000e+02 5.244551317892254955e-02
1.010000000000000000e+02 5.244473023220775493e-02
1.020000000000000000e+02 5.244378844927195804e-02
1.030000000000000000e+02 5.244216470022086685e-02
1.040000000000000000e+02 5.244159149575906148e-02
1.050000000000000000e+02 5.244021260420311109e-02
1.060000000000000000e+02 5.243957033758788605e-02
1.070000000000000000e+02 5.243899227372419980e-02
1.080000000000000000e+02 5.243811194991247066e-02
1.090000000000000000e+02 5.243743728886147981e-02
1.100000000000000000e+02 5.243630936757022465e-02
1.110000000000000000e+02 5.243560632936146437e-02
1.120000000000000000e+02 5.243497400635420413e-02
1.130000000000000000e+02 5.243468139532789229e-02
1.140000000000000000e+02 5.243412204870148696e-02
1.150000000000000000e+02 5.243386363759038743e-02
1.160000000000000000e+02 5.243364637164664444e-02
1.170000000000000000e+02 5.243343383020220017e-02
1.180000000000000000e+02 5.243321696321533859e-02
1.190000000000000000e+02 5.243303281395375604e-02
1.200000000000000000e+02 5.243287073015663602e-02
1.210000000000000000e+02 5.243269029240827522e-02
1.220000000000000000e+02 5.243238876309848362e-02
1.230000000000000000e+02 5.243234368690696118e-02
1.240000000000000000e+02 5.243200103309319376e-02
1.250000000000000000e+02 5.243185915850898104e-02
1.260000000000000000e+02 5.243170707913970968e-02
1.270000000000000000e+02 5.243164633827016030e-02
1.280000000000000000e+02 5.243158020279680559e-02
1.290000000000000000e+02 5.243151089179645674e-02
1.300000000000000000e+02 5.243142314902841938e-02
1.310000000000000000e+02 5.243140571369094005e-02
1.320000000000000000e+02 5.243132115964967838e-02
1.330000000000000000e+02 5.243130207918531016e-02
1.340000000000000000e+02 5.243127078259039731e-02
1.350000000000000000e+02 5.243122850390261741e-02
1.360000000000000000e+02 5.243122053042353903e-02
1.370000000000000000e+02 5.243118017257402536e-02
1.380000000000000000e+02 5.243117176565820214e-02
1.390000000000000000e+02 5.243115855642020012e-02
1.400000000000000000e+02 5.243115039781672676e-02
1.410000000000000000e+02 5.243114061750292487e-02
1.420000000000000000e+02 5.243113035095703367e-02
1.430000000000000000e+02 5.243112448006146536e-02
1.440000000000000000e+02 5.243111850732250917e-02
1.450000000000000000e+02 5.243110841798134109e-02
1.460000000000000000e+02 5.243110597601693956e-02
1.470000000000000000e+02 5.243110255123835384e-02
1.480000000000000000e+02 5.243110025967780835e-02
1.490000000000000000e+02 5.243109691481647600e-02
1.500000000000000000e+02 5.243109628591749449e-02
