1.000000000000000000e+00 4.958301191810073894e-01
2.000000000000000000e+00 2.955154240518365616e-01
3.000000000000000000e+00 2.859489650301360597e-01
4.000000000000000000e+00 2.770098068846715833e-01
5.000000000000000000e+00 2.605204705270038890e-01
6.000000000000000000e+00 2.494499575877562325e-01
7.000000000000000000e+00 2.476406044218437408e-01
8.000000000000000000e+00 2.469915310168752931e-01
9.000000000000000000e+00 2.460409044077973284e-01
1.000000000000000000e+01 2.443889185052963153e-01
1.100000000000000000e+01 2.441890545321703243e-01
1.200000000000000000e+01 2.439743826506161339e-01
1.300000000000000000e+01 2.437120500675876711e-01
1.400000000000000000e+01 2.433371144980010503e-01
1.500000000000000000e+01 2.424190488207780547e-01
1.600000000000000000e+01 2.179785139829964469e-01
1.700000000000000000e+01 2.178206009783895114e-01
1.800000000000000000e+01 2.092113459960746324e-01
1.900000000000000000e+01 1.977774934575531329e-01
2.000000000000000000e+01 1.807057147763160010e-01
2.100000000000000000e+01 1.718363802406667751e-01
2.200000000000000000e+01 1.659730608295232612e-01
2.300000000000000000e+01 1.634313116786710041e-01
2.400000000000000000e+01 1.602178417886000739e-01
2.500000000000000000e+01 1.583914894083362779e-01
2.600000000000000000e+01 1.579111791554609623e-01
2.700000000000000000e+01 1.576783566303114337e-01
2.800000000000000000e+01 1.576238569215328289e-01
2.900000000000000000e+01 1.574233126200577648e-01
3.000000000000000000e+01 1.571964838717172241e-01
3.100000000000000000e+01 1.569918077263635636e-01
3.200000000000000000e+01 1.568853402832213195e-01
3.300000000000000000e+01 1.567976427935877382e-01
3.400000000000000000e+01 1.566649721037908505e-01
3.500000000000000000e+01 1.565591903453070755e-01
3.600000000000000000e+01 1.565185589189274917e-01
3.700000000000000000e+01 1.564818693733811827e-01
3.800000000000000000e+01 1.564182959140660578e-01
3.900000000000000000e+01 1.562594752207842053e-01
4.000000000000000000e+01 1.561634015072113357e-01
4.100000000000000000e+01 1.561006970138854311e-01
4.200000000000000000e+01 1.560685147822009622e-01
4.300000000000000000e+01 1.560551853352079299e-01
4.400000000000000000e+01 1.560495494387267867e-01
4.500000000000000000e+01 1.560379703864092082e-01
4.600000000000000000e+01 1.560298677370944576e-01
4.700000000000000000e+01 1.560141885365939340e-01
4.800000000000000000e+01 1.559947054694400537e-01
4.900000000000000000e+01 1.559759407846189605e-01
5.000000000000000000e+01 1.559675122028283956e-01
5.100000000000000000e+01 1.559627379671603142e-01
5.200000000000000000e+01 1.559608577896030024e-01
5.300000000000000000e+01 1.559590443184405706e-01
5.400000000000000000e+01 1.559565740259030442e-01
5.500000000000000000e+01 1.559543109726002630e-01
5.600000000000000000e+01 1.559523135460949839e-01
5.700000000000000000e+01 1.559504402403324164e-01
5.800000000000000000e+01 1.559489843737119352e-01
5.900000000000000000e+01 1.559474966219800696e-01
6.000000000000000000e+01 1.559455293458449354e-01
6.100000000000000000e+01 1.559441820792709932e-01
6.200000000000000000e+01 1.559424310088083354e-01
6.300000000000000000e+01 1.559391501457971230e-01
6.400000000000000000e+01 1.559338317808006968e-01
6.500000000000000000e+01 1.559306810864810600e-01
6.600000000000000000e+01 1.559255920178586885e-01
6.700000000000000000e+01 1.559173381057627483e-01
6.800000000000000000e+01 1.559070362283261624e-01
6.900000000000000000e+01 1.559044229354394351e-01
7.000000000000000000e+01 1.558975112706996180e-01
7.100000000000000000e+01 1.558933193502642922e-01
7.200000000000000000e+01 1.558912325593936610e-01
7.300000000000000000e+01 1.558893919961316932e-01
7.400000000000000000e+01 1.558874978362612129e-01
7.500000000000000000e+01 1.558862338607970299e-01
7.600000000000000000e+01 1.558848204693167872e-01
7.700000000000000000e+01 1.558836612715116532e-01
7.800000000000000000e+01 1.558814278862841740e-01
7.900000000000000000e+01 1.558808822252167881e-01
8.000000000000000000e+01 1.558797527801756566e-01
8.100000000000000000e+01 1.558795186884127104e-01
8.200000000000000000e+01 1.558793459358587541e-01
8.300000000000000000e+01 1.558792039435977494e-01
8.400000000000000000e+01 1.558791652076735867e-01
8.500000000000000000e+01 1.558791538871552029e-01
8.600000000000000000e+01 1.558791467450474366e-01
8.700000000000000000e+01 1.558791394475490533e-01
8.800000000000000000e+01 1.558791335894383345e-01
8.900000000000000000e+01 1.558791276984735630e-01
9.000000000000000000e+01 1.558791252924919546e-01
9.100000000000000000e+01 1.558791178595921034e-01
9.200000000000000000e+01 1.558791067095933458e-01
9.300000000000000000e+01 1.558790839887475854e-01
9.400000000000000000e+01 1.558790448270124251e-01
9.500000000000000000e+01 1.558790051361717555e-01
9.600000000000000000e+01 1.558789239895483902e-01
9.700000000000000000e+01 1.558787730190983600e-01
9.800000000000000000e+01 1.558786819403619461e-01
9.900000000000000000e+01 1.558786288465265346e-01
1.000000000000000000e+02 1.558786004029208416e-01
1.010000000000000000e+02 1.558785726023934892e-01
1.020000000000000000e+02 1.558785512524423489e-01
1.030000000000000000e+02 1.558785495971121426e-01
