7.606764322510563003e-01
3.446041108083075510e-01
8.554103313964385169e-01
2.787929919190464401e-01
-7.088691239332968463e-02
1.377644729905426746e-01
1.291583618297543978e+00
5.501824853419640116e-01
5.661185112712380230e-01
-2.117454525335094595e-01
5.425616138075767259e-01
8.896517691228204017e-01
1.510612349036204671e+00
-1.011627789429602187e-01
9.915916874150325633e-01
7.032576410659003852e-01
4.687558699758696545e-01
5.626119853791909653e-02
1.519665836423970406e-01
5.510158553824868743e-01
5.224515632485476901e-01
2.039266032319801969e-01
5.971985040731871974e-01
-3.468602061324632668e-01
2.732316727578341653e-01
9.922018131793155504e-01
5.125386341042347249e-01
1.168988408572691151e+00
4.472744000990244717e-01
3.416082134617124400e-01
3.821402546304930037e-01
1.027837639239209455e+00
3.170206859677017763e-01
4.756340165604657777e-01
3.238197536270472354e-01
1.169066010525907862e+00
7.502574905738552680e-01
6.026193941135962184e-01
8.979720348777225913e-01
9.521483719220903419e-01
-1.380145938758448598e-01
1.350793470268719099e-01
9.677223123321091469e-01
4.157280051291346590e-01
7.181804119086309113e-01
-6.354587818469676908e-01
1.221545433967903271e+00
3.394243047812693925e-01
9.860637134629608447e-01
-2.450212966659251201e-01
8.388339037772504225e-01
1.313952106288756472e+00
8.993193682644412545e-01
1.299853975107321258e-01
5.629700348213052541e-01
1.529981386990499348e-01
4.286281148839784505e-01
1.043324074867219453e+00
2.374494055067407072e-01
5.359574524541672602e-01
5.364480604797085966e-02
6.224612953389564440e-01
1.191793466936448692e-01
7.676434178956724752e-01
3.216432165611748384e-01
1.061046915873413710e+00
4.077671933578475572e-01
4.549093787217813739e-02
2.031772880667063741e-01
5.302698688534259741e-01
4.947599431635618106e-01
4.774828649258062163e-01
