1.807572324931331631e-01
9.787278955847427131e-01
-1.812861417686277843e-01
-4.108836184921615398e-01
1.157508881847582938e+00
1.093522633569696256e-01
1.753935572199067261e+00
1.035453544449794760e+00
7.896518200541232657e-01
-2.405570192402842478e-01
-2.618701907062901887e-02
-2.338288540564443518e-01
-3.682892649598725199e-01
3.994531191858766705e-01
1.405930198406215859e-01
-4.314361309918950949e-01
8.509996617127789653e-01
3.761380586870686771e-01
1.049022098849740736e+00
8.644136130931482365e-01
1.176990002793349754e+00
5.052180118128926090e-01
-7.106679656063062678e-02
1.262404067715957867e-01
-9.347120891155562550e-01
6.532003427024555275e-01
1.229052975341454523e+00
-2.801398857191166655e-03
4.211969114632388433e-01
-3.957203708680696042e-01
6.410150473524947046e-01
5.697369287157488804e-01
5.961705987626406689e-01
-1.240867265160880695e-01
2.068222520571415535e-01
2.731887179071871508e+00
-2.286261702070906399e-01
-6.281428126514976285e-01
2.781311123632832505e-01
3.460357039030824700e-01
1.163746556334208426e+00
-6.142423130881664584e-01
8.457264006207918516e-01
8.550693834810156879e-01
1.072749317708349359e+00
3.525743799870759924e-03
6.476094019571863036e-01
4.814917266006074059e-01
