1.000000000000000000e+00 9.807029655530216106e-01
2.000000000000000000e+00 2.387644549407112737e-01
3.000000000000000000e+00 1.347564799133332825e-01
4.000000000000000000e+00 1.173630139993665361e-01
5.000000000000000000e+00 1.065280530277660787e-01
6.000000000000000000e+00 8.487298366446745235e-02
7.000000000000000000e+00 6.860674906874883461e-02
8.000000000000000000e+00 6.225232713821086949e-02
9.000000000000000000e+00 5.672343926124654573e-02
1.000000000000000000e+01 5.200552509523444916e-02
1.100000000000000000e+01 4.856565339134764209e-02
1.200000000000000000e+01 4.347325571854600973e-02
1.300000000000000000e+01 3.983139291872715010e-02
1.400000000000000000e+01 3.826433126635195303e-02
1.500000000000000000e+01 3.714570364545016767e-02
1.600000000000000000e+01 3.656264119742997504e-02
1.700000000000000000e+01 3.590737331812374200e-02
1.800000000000000000e+01 3.454863798124125501e-02
1.900000000000000000e+01 3.431634841835709548e-02
2.000000000000000000e+01 3.313072334247220418e-02
2.100000000000000000e+01 3.269414503466181593e-02
2.200000000000000000e+01 3.205766770070969662e-02
2.300000000000000000e+01 3.128130867344076221e-02
2.400000000000000000e+01 3.080803313890979889e-02
2.500000000000000000e+01 3.018415760092415384e-02
2.600000000000000000e+01 2.972544157665525308e-02
2.700000000000000000e+01 2.927625973141315119e-02
2.800000000000000000e+01 2.876411791005349661e-02
2.900000000000000000e+01 2.837297063800014660e-02
3.000000000000000000e+01 2.815969958519077068e-02
3.100000000000000000e+01 2.774251108270490290e-02
3.200000000000000000e+01 2.747271225816306714e-02
3.300000000000000000e+01 2.694179886807147872e-02
3.400000000000000000e+01 2.677727864865086030e-02
3.500000000000000000e+01 2.662000700050026411e-02
3.600000000000000000e+01 2.644323794591343924e-02
3.700000000000000000e+01 2.622686442710285212e-02
3.800000000000000000e+01 2.611205683270393513e-02
3.900000000000000000e+01 2.603746941438998819e-02
4.000000000000000000e+01 2.585508809019284454e-02
4.100000000000000000e+01 2.570899598329873942e-02
4.200000000000000000e+01 2.558368710187531800e-02
4.300000000000000000e+01 2.537254742298051396e-02
4.400000000000000000e+01 2.528940312818863181e-02
4.500000000000000000e+01 2.514331049111229177e-02
4.600000000000000000e+01 2.502282595825046710e-02
4.700000000000000000e+01 2.492556560255242484e-02
4.800000000000000000e+01 2.472785060990042444e-02
4.900000000000000000e+01 2.460608611553553177e-02
5.000000000000000000e+01 2.440451495089829975e-02
5.100000000000000000e+01 2.425766963293824255e-02
5.200000000000000000e+01 2.414390903152290047e-02
5.300000000000000000e+01 2.402090153576810772e-02
5.400000000000000000e+01 2.384486732008906859e-02
5.500000000000000000e+01 2.370408265447367102e-02
5.600000000000000000e+01 2.354585404503977200e-02
5.700000000000000000e+01 2.336808372803567471e-02
5.800000000000000000e+01 2.322846132777982991e-02
5.900000000000000000e+01 2.310921336469687337e-02
6.000000000000000000e+01 2.305132047755938801e-02
6.100000000000000000e+01 2.289757269937901796e-02
6.200000000000000000e+01 2.276271050620598188e-02
6.300000000000000000e+01 2.252652897621404068e-02
6.400000000000000000e+01 2.243251459655180163e-02
6.500000000000000000e+01 2.229227703098745142e-02
6.600000000000000000e+01 2.213763639630974070e-02
6.700000000000000000e+01 2.204628484262833796e-02
6.800000000000000000e+01 2.189368793846065142e-02
6.900000000000000000e+01 2.179417311261853604e-02
7.000000000000000000e+01 2.168204138520741717e-02
7.100000000000000000e+01 2.158113427219017152e-02
7.200000000000000000e+01 2.145476668870158893e-02
7.300000000000000000e+01 2.139553521440136497e-02
7.400000000000000000e+01 2.128878258715010893e-02
7.500000000000000000e+01 2.117636495547998640e-02
7.600000000000000000e+01 2.102982237526220682e-02
7.700000000000000000e+01 2.084439780895270058e-02
7.800000000000000000e+01 2.071560954194115456e-02
7.900000000000000000e+01 2.059897801701326622e-02
8.000000000000000000e+01 2.050094331256189367e-02
8.100000000000000000e+01 2.037978663751082234e-02
8.200000000000000000e+01 2.029895863149665247e-02
8.300000000000000000e+01 2.022909218788833396e-02
8.400000000000000000e+01 2.018134608121598811e-02
8.500000000000000000e+01 2.012853162607681698e-02
8.600000000000000000e+01 2.008989844899435051e-02
8.700000000000000000e+01 2.001908653637315266e-02
8.800000000000000000e+01 1.990339445417925804e-02
8.900000000000000000e+01 1.982744820717495526e-02
9.000000000000000000e+01 1.973048435573101361e-02
9.100000000000000000e+01 1.965562060669782604e-02
9.200000000000000000e+01 1.953773299022044593e-02
9.300000000000000000e+01 1.945933343756160033e-02
9.400000000000000000e+01 1.936139934476352117e-02
9.500000000000000000e+01 1.927953229250679162e-02
9.600000000000000000e+01 1.923929168607878618e-02
9.700000000000000000e+01 1.916147201711661946e-02
9.800000000000000000e+01 1.909372794421346220e-02
9.900000000000000000e+01 1.906197235521260927e-02
1.000000000000000000e+02 1.900166993989790484e-02
1.010000000000000000e+02 1.894176854217305764e-02
1.020000000000000000e+02 1.891170002469014927e-02
1.030000000000000000e+02 1.888138579375606488e-02
1.040000000000000000e+02 1.885299760688738044e-02
1.050000000000000000e+02 1.882091847019059724e-02
1.060000000000000000e+02 1.877152030658733178e-02
1.070000000000000000e+02 1.872725403595537630e-02
1.080000000000000000e+02 1.869239982492257313e-02
