-3.618081396717650056e-01
3.610538411674958925e-01
8.554073278328420127e-01
1.106289926199320428e+00
-7.897841492878230479e-03
1.542141034720314885e-01
-2.435348459989759018e-01
-2.897377417014215251e-01
6.291057258973770105e-01
9.522579424618597965e-01
5.255806054483194156e-01
4.972899325675742693e-02
1.864179543272247885e+00
1.656994514113194761e-01
9.746113013308471684e-01
-7.730278497947572491e-01
-2.964140026385826965e-01
3.231234727543535468e-01
1.592527398120090698e+00
1.299422791756192908e+00
-2.427144813129271106e-01
4.574326509024061460e-01
4.773915052222095778e-01
4.015461094195435510e-01
