1.000000000000000000e+00 2.667698084032057437e-01
2.000000000000000000e+00 2.436164272430807742e-01
3.000000000000000000e+00 1.969557661111041580e-01
4.000000000000000000e+00 1.743109015174997001e-01
5.000000000000000000e+00 1.634211173050963972e-01
6.000000000000000000e+00 1.465309512647629819e-01
7.000000000000000000e+00 1.281986569277614729e-01
8.000000000000000000e+00 1.110965105409283810e-01
9.000000000000000000e+00 9.811928528871353972e-02
1.000000000000000000e+01 8.608343058560637140e-02
1.100000000000000000e+01 7.840144483444250190e-02
1.200000000000000000e+01 7.729066597815115180e-02
1.300000000000000000e+01 7.659268934798131589e-02
1.400000000000000000e+01 7.569730912965781655e-02
1.500000000000000000e+01 7.243374304948106690e-02
1.600000000000000000e+01 7.221686937162678788e-02
1.700000000000000000e+01 7.065109138269887179e-02
1.800000000000000000e+01 7.020177841261300566e-02
1.900000000000000000e+01 6.970569078936059149e-02
2.000000000000000000e+01 6.910707962052814457e-02
2.100000000000000000e+01 6.858398550808945948e-02
2.200000000000000000e+01 6.810813822957259567e-02
2.300000000000000000e+01 6.785980650846615281e-02
2.400000000000000000e+01 6.753298200475632562e-02
2.500000000000000000e+01 6.698966549819385108e-02
2.600000000000000000e+01 6.635027727283492049e-02
2.700000000000000000e+01 6.590451739654835939e-02
2.800000000000000000e+01 6.568735324421530464e-02
2.900000000000000000e+01 6.547011366135521704e-02
3.000000000000000000e+01 6.529227890495198361e-02
3.100000000000000000e+01 6.492146832724693395e-02
3.200000000000000000e+01 6.419286414633891547e-02
3.300000000000000000e+01 6.385487418916359348e-02
3.400000000000000000e+01 6.366633327504611639e-02
3.500000000000000000e+01 6.350774992404098485e-02
3.600000000000000000e+01 6.330262838268732595e-02
3.700000000000000000e+01 6.311394691192534490e-02
3.800000000000000000e+01 6.293394798554417802e-02
3.900000000000000000e+01 6.249964184369361658e-02
4.000000000000000000e+01 6.225907976128131766e-02
4.100000000000000000e+01 6.186470940519932238e-02
4.200000000000000000e+01 6.138620408800867650e-02
4.300000000000000000e+01 6.069350525328166129e-02
4.400000000000000000e+01 5.877419570498885332e-02
4.500000000000000000e+01 5.679244946452100679e-02
4.600000000000000000e+01 5.440997495610162826e-02
4.700000000000000000e+01 5.303036073971348352e-02
4.800000000000000000e+01 5.237383412272560157e-02
4.900000000000000000e+01 5.166809192798165612e-02
5.000000000000000000e+01 5.123049630652988518e-02
5.100000000000000000e+01 5.054815337679312293e-02
5.200000000000000000e+01 4.934464782181348375e-02
5.300000000000000000e+01 4.886849376545979867e-02
5.400000000000000000e+01 4.815570302244109868e-02
5.500000000000000000e+01 4.781442666785843537e-02
5.600000000000000000e+01 4.734926752351140133e-02
5.700000000000000000e+01 4.658615330923513570e-02
5.800000000000000000e+01 4.584117132918959225e-02
5.900000000000000000e+01 4.510654449156503709e-02
6.000000000000000000e+01 4.484762131069678498e-02
6.100000000000000000e+01 4.407003762664705310e-02
6.200000000000000000e+01 4.375974482384267783e-02
6.300000000000000000e+01 4.313468391978836358e-02
6.400000000000000000e+01 4.251282630170764160e-02
6.500000000000000000e+01 4.182967003934624783e-02
6.600000000000000000e+01 4.144934234615763047e-02
6.700000000000000000e+01 4.123630552185506698e-02
6.800000000000000000e+01 4.085430033485322465e-02
6.900000000000000000e+01 4.063903935352081165e-02
7.000000000000000000e+01 4.035076933667048477e-02
7.100000000000000000e+01 3.972220687285211299e-02
7.200000000000000000e+01 3.948978264229031920e-02
7.300000000000000000e+01 3.924161761610009402e-02
7.400000000000000000e+01 3.910920642242405459e-02
7.500000000000000000e+01 3.887633051181202393e-02
7.600000000000000000e+01 3.860378424498725480e-02
7.700000000000000000e+01 3.845470117784401121e-02
7.800000000000000000e+01 3.820403907561777113e-02
7.900000000000000000e+01 3.778072761526247991e-02
8.000000000000000000e+01 3.762327114870715056e-02
8.100000000000000000e+01 3.729195465753388367e-02
8.200000000000000000e+01 3.706449369282648065e-02
8.300000000000000000e+01 3.689395477658494876e-02
8.400000000000000000e+01 3.678038456757523611e-02
8.500000000000000000e+01 3.668044121873302588e-02
8.600000000000000000e+01 3.665013747342747014e-02
8.700000000000000000e+01 3.658980420447170701e-02
8.800000000000000000e+01 3.652914933780140871e-02
8.900000000000000000e+01 3.645985408876937367e-02
9.000000000000000000e+01 3.640604827914318414e-02
9.100000000000000000e+01 3.628843507758654913e-02
9.200000000000000000e+01 3.616193983903122355e-02
9.300000000000000000e+01 3.597814186672902009e-02
9.400000000000000000e+01 3.576269239310565784e-02
9.500000000000000000e+01 3.565461713308729075e-02
9.600000000000000000e+01 3.555459024883672603e-02
9.700000000000000000e+01 3.551202126194812070e-02
9.800000000000000000e+01 3.545521645239112229e-02
9.900000000000000000e+01 3.541793649926734677e-02
1.000000000000000000e+02 3.538173613775924542e-02
1.010000000000000000e+02 3.525450808649435719e-02
1.020000000000000000e+02 3.520975649555406484e-02
1.030000000000000000e+02 3.512108777690090694e-02
1.040000000000000000e+02 3.502711274010179843e-02
1.050000000000000000e+02 3.496525064670633065e-02
1.060000000000000000e+02 3.490516403402619400e-02
1.070000000000000000e+02 3.485121247033466652e-02
1.080000000000000000e+02 3.477805481467367149e-02
1.090000000000000000e+02 3.468456603536949900e-02
1.100000000000000000e+02 3.460817625599214159e-02
1.110000000000000000e+02 3.454426653832695648e-02
1.120000000000000000e+02 3.440691919816819822e-02
1.130000000000000000e+02 3.426519331859177037e-02
1.140000000000000000e+02 3.417573312573416594e-02
1.150000000000000000e+02 3.410016391640058320e-02
1.160000000000000000e+02 3.404409954996751031e-02
1.170000000000000000e+02 3.399010107546115295e-02
1.180000000000000000e+02 3.393901377660209912e-02
1.190000000000000000e+02 3.387538825468912329e-02
1.200000000000000000e+02 3.380921859048287986e-02
1.210000000000000000e+02 3.376286901787502182e-02
1.220000000000000000e+02 3.374395677402307336e-02
1.230000000000000000e+02 3.370636719442711426e-02
1.240000000000000000e+02 3.367672590745209721e-02
1.250000000000000000e+02 3.364620134915555227e-02
1.260000000000000000e+02 3.363434000675078611e-02
1.270000000000000000e+02 3.361767503092186887e-02
1.280000000000000000e+02 3.358101748137369558e-02
1.290000000000000000e+02 3.353346739258324105e-02
1.300000000000000000e+02 3.350934642877916037e-02
1.310000000000000000e+02 3.349078757841080639e-02
1.320000000000000000e+02 3.348156237235132976e-02
1.330000000000000000e+02 3.347498108138204087e-02
1.340000000000000000e+02 3.345840501717017856e-02
1.350000000000000000e+02 3.343710993261198028e-02
1.360000000000000000e+02 3.341734284516967302e-02
1.370000000000000000e+02 3.340500123618270895e-02
1.380000000000000000e+02 3.339245177095428313e-02
1.390000000000000000e+02 3.338487435092631767e-02
1.400000000000000000e+02 3.337691460772598123e-02
1.410000000000000000e+02 3.335851295216030882e-02
1.420000000000000000e+02 3.335105413031261290e-02
1.430000000000000000e+02 3.333033047743388932e-02
1.440000000000000000e+02 3.331427119177297891e-02
1.450000000000000000e+02 3.330638615060878965e-02
1.460000000000000000e+02 3.329885225215482164e-02
1.470000000000000000e+02 3.328600076054277074e-02
1.480000000000000000e+02 3.327064880022303356e-02
1.490000000000000000e+02 3.323397923301562445e-02
1.500000000000000000e+02 3.321604545815479842e-02
1.510000000000000000e+02 3.317658104631748817e-02
1.520000000000000000e+02 3.314341129817389292e-02
1.530000000000000000e+02 3.313310193193728243e-02
1.540000000000000000e+02 3.312647640822082712e-02
1.550000000000000000e+02 3.310932421460744540e-02
1.560000000000000000e+02 3.307793567733056245e-02
1.570000000000000000e+02 3.305587987756935381e-02
1.580000000000000000e+02 3.302202037178040422e-02
1.590000000000000000e+02 3.299458957823211969e-02
1.600000000000000000e+02 3.297320958934474300e-02
1.610000000000000000e+02 3.295121427069476472e-02
1.620000000000000000e+02 3.293766594334079229e-02
1.630000000000000000e+02 3.293287277232029991e-02
1.640000000000000000e+02 3.292425419046520613e-02
1.650000000000000000e+02 3.291622205436400828e-02
1.660000000000000000e+02 3.291020892709387025e-02
1.670000000000000000e+02 3.289880811419654272e-02
1.680000000000000000e+02 3.288812787960330997e-02
1.690000000000000000e+02 3.287063833775125815e-02
1.700000000000000000e+02 3.283174366082038109e-02
1.710000000000000000e+02 3.279811961860001901e-02
1.720000000000000000e+02 3.278777061227488437e-02
1.730000000000000000e+02 3.278075001943762945e-02
1.740000000000000000e+02 3.277729376736750189e-02
1.750000000000000000e+02 3.276864886506282437e-02
1.760000000000000000e+02 3.276257805720252103e-02
1.770000000000000000e+02 3.275640827860492460e-02
1.780000000000000000e+02 3.274788019258813992e-02
1.790000000000000000e+02 3.273950322028411353e-02
1.800000000000000000e+02 3.273110893327012966e-02
1.810000000000000000e+02 3.272145147339559912e-02
1.820000000000000000e+02 3.271119776777913629e-02
1.830000000000000000e+02 3.270391687438472389e-02
1.840000000000000000e+02 3.270008646472580272e-02
1.850000000000000000e+02 3.269465738433407348e-02
1.860000000000000000e+02 3.269074032727136564e-02
1.870000000000000000e+02 3.268730191401500451e-02
1.880000000000000000e+02 3.268421560432080430e-02
1.890000000000000000e+02 3.267827330327455898e-02
1.900000000000000000e+02 3.267310789865033455e-02
1.910000000000000000e+02 3.266765582404956153e-02
1.920000000000000000e+02 3.266099655535430885e-02
1.930000000000000000e+02 3.265701218879416001e-02
1.940000000000000000e+02 3.265273839695218006e-02
1.950000000000000000e+02 3.264974194972137395e-02
1.960000000000000000e+02 3.264825877351852645e-02
1.970000000000000000e+02 3.264698469297773464e-02
1.980000000000000000e+02 3.264516137010558400e-02
1.990000000000000000e+02 3.264190362532809475e-02
2.000000000000000000e+02 3.263922004661695686e-02
2.010000000000000000e+02 3.263433284874796281e-02
2.020000000000000000e+02 3.263136573929174139e-02
2.030000000000000000e+02 3.262911840459031126e-02
2.040000000000000000e+02 3.262728942570591179e-02
2.050000000000000000e+02 3.262563309126706446e-02
2.060000000000000000e+02 3.262370933016329327e-02
2.070000000000000000e+02 3.262180638121078835e-02
2.080000000000000000e+02 3.261962759614117635e-02
2.090000000000000000e+02 3.261681952192736766e-02
2.100000000000000000e+02 3.261326594771448567e-02
2.110000000000000000e+02 3.261174032977225135e-02
2.120000000000000000e+02 3.261073695655475335e-02
2.130000000000000000e+02 3.261013710082690670e-02
2.140000000000000000e+02 3.260929742860597252e-02
2.150000000000000000e+02 3.260729202751526390e-02
2.160000000000000000e+02 3.260355241128030240e-02
2.170000000000000000e+02 3.260152253636368347e-02
2.180000000000000000e+02 3.259731780388065714e-02
2.190000000000000000e+02 3.259366360970769594e-02
2.200000000000000000e+02 3.258936777445798488e-02
2.210000000000000000e+02 3.258319151050144413e-02
2.220000000000000000e+02 3.257733154813084037e-02
2.230000000000000000e+02 3.257153671818362184e-02
2.240000000000000000e+02 3.256807209040748358e-02
2.250000000000000000e+02 3.256624179074692205e-02
2.260000000000000000e+02 3.256200734793621848e-02
2.270000000000000000e+02 3.255725021810071396e-02
2.280000000000000000e+02 3.254997039471815845e-02
2.290000000000000000e+02 3.254643600551239413e-02
2.300000000000000000e+02 3.254158815903360896e-02
2.310000000000000000e+02 3.253971567310675467e-02
2.320000000000000000e+02 3.253656448020040420e-02
2.330000000000000000e+02 3.253415214671019629e-02
2.340000000000000000e+02 3.253130968473699758e-02
2.350000000000000000e+02 3.252815980914598726e-02
2.360000000000000000e+02 3.252424546981741438e-02
2.370000000000000000e+02 3.252129276972023919e-02
2.380000000000000000e+02 3.251282536566771353e-02
2.390000000000000000e+02 3.250915964973496997e-02
2.400000000000000000e+02 3.250365261051872678e-02
2.410000000000000000e+02 3.249970832486725331e-02
2.420000000000000000e+02 3.249628251503958176e-02
2.430000000000000000e+02 3.249156117870987542e-02
2.440000000000000000e+02 3.248409502592833342e-02
2.450000000000000000e+02 3.247866334307251274e-02
2.460000000000000000e+02 3.247199871724389120e-02
2.470000000000000000e+02 3.246520384067580478e-02
2.480000000000000000e+02 3.246136761977633234e-02
2.490000000000000000e+02 3.245860326245895294e-02
2.500000000000000000e+02 3.245646204270898755e-02
2.510000000000000000e+02 3.245461236394531213e-02
2.520000000000000000e+02 3.245249993129749322e-02
2.530000000000000000e+02 3.245060786495154725e-02
2.540000000000000000e+02 3.244863747193586778e-02
2.550000000000000000e+02 3.244767661536248488e-02
2.560000000000000000e+02 3.244621208890023645e-02
2.570000000000000000e+02 3.244506434139984852e-02
2.580000000000000000e+02 3.244350547974377691e-02
2.590000000000000000e+02 3.244116752385522995e-02
2.600000000000000000e+02 3.244009771718966290e-02
2.610000000000000000e+02 3.243888815745026022e-02
2.620000000000000000e+02 3.243793375336677387e-02
2.630000000000000000e+02 3.243700123624825016e-02
2.640000000000000000e+02 3.243604668335917790e-02
2.650000000000000000e+02 3.243442823089862093e-02
2.660000000000000000e+02 3.243327922029026755e-02
2.670000000000000000e+02 3.243227017086917907e-02
2.680000000000000000e+02 3.243046469805330873e-02
2.690000000000000000e+02 3.242839174045115958e-02
2.700000000000000000e+02 3.242538733412216045e-02
2.710000000000000000e+02 3.242386690144781480e-02
2.720000000000000000e+02 3.242240653784818349e-02
2.730000000000000000e+02 3.242059191058829781e-02
2.740000000000000000e+02 3.241822037313634580e-02
2.750000000000000000e+02 3.241652847552448091e-02
2.760000000000000000e+02 3.241574383710137813e-02
2.770000000000000000e+02 3.241514609318402879e-02
2.780000000000000000e+02 3.241456378812193617e-02
2.790000000000000000e+02 3.241389295214228139e-02
2.800000000000000000e+02 3.241341937963317793e-02
2.810000000000000000e+02 3.241282532046909498e-02
2.820000000000000000e+02 3.241229465007196275e-02
2.830000000000000000e+02 3.241189171387969664e-02
2.840000000000000000e+02 3.241121697833952708e-02
2.850000000000000000e+02 3.241068299153244264e-02
2.860000000000000000e+02 3.240927873621907152e-02
2.870000000000000000e+02 3.240833994473708846e-02
2.880000000000000000e+02 3.240751364743510443e-02
2.890000000000000000e+02 3.240645134218916867e-02
2.900000000000000000e+02 3.240602237046951578e-02
2.910000000000000000e+02 3.240566433627715959e-02
2.920000000000000000e+02 3.240519964430199629e-02
2.930000000000000000e+02 3.240450371645744315e-02
2.940000000000000000e+02 3.240347411720836956e-02
2.950000000000000000e+02 3.240196923572714188e-02
2.960000000000000000e+02 3.240097850949852365e-02
2.970000000000000000e+02 3.239998034032734453e-02
2.980000000000000000e+02 3.239926905500133125e-02
2.990000000000000000e+02 3.239762668203595430e-02
3.000000000000000000e+02 3.239603496991747683e-02
3.010000000000000000e+02 3.239483354179175517e-02
3.020000000000000000e+02 3.239134730563273529e-02
3.030000000000000000e+02 3.239000932065339705e-02
3.040000000000000000e+02 3.238808372005992642e-02
3.050000000000000000e+02 3.238450094595930751e-02
