1.000000000000000000e+00 2.538595774129983607e-01
2.000000000000000000e+00 2.508254431443450172e-01
3.000000000000000000e+00 2.420713919020228699e-01
4.000000000000000000e+00 2.411139346179284049e-01
5.000000000000000000e+00 2.407487723251708622e-01
6.000000000000000000e+00 2.405927564807444630e-01
7.000000000000000000e+00 2.404472022650687990e-01
8.000000000000000000e+00 2.401609303422937436e-01
9.000000000000000000e+00 2.397565621371215705e-01
1.000000000000000000e+01 2.393747290018551910e-01
1.100000000000000000e+01 2.391098800250908984e-01
1.200000000000000000e+01 2.390693664499724258e-01
1.300000000000000000e+01 2.389908407886323360e-01
1.400000000000000000e+01 2.387794088295465411e-01
1.500000000000000000e+01 2.387067610404889628e-01
1.600000000000000000e+01 2.386748418897207125e-01
1.700000000000000000e+01 2.386689468051585161e-01
1.800000000000000000e+01 2.386680048785438379e-01
1.900000000000000000e+01 2.386658459158087497e-01
2.000000000000000000e+01 2.386515244895027199e-01
2.100000000000000000e+01 2.386265741578182942e-01
2.200000000000000000e+01 2.385949929109962286e-01
2.300000000000000000e+01 2.385363827113868851e-01
2.400000000000000000e+01 2.384299619033166395e-01
2.500000000000000000e+01 2.383477298991290017e-01
2.600000000000000000e+01 2.382689713816988630e-01
2.700000000000000000e+01 2.381578277635229002e-01
2.800000000000000000e+01 2.381121603571379475e-01
2.900000000000000000e+01 2.380740554545776599e-01
3.000000000000000000e+01 2.380434469682777276e-01
3.100000000000000000e+01 2.380333308282909233e-01
3.200000000000000000e+01 2.380323867989746489e-01
3.300000000000000000e+01 2.380323154523638352e-01
3.400000000000000000e+01 2.380321568516339803e-01
3.500000000000000000e+01 2.380308405572500174e-01
3.600000000000000000e+01 2.380282904596302263e-01
3.700000000000000000e+01 2.380197129911099108e-01
3.800000000000000000e+01 2.380050050083881985e-01
3.900000000000000000e+01 2.379957605171801605e-01
4.000000000000000000e+01 2.379777420104625951e-01
4.100000000000000000e+01 2.379696369030398218e-01
4.200000000000000000e+01 2.379650174633636817e-01
4.300000000000000000e+01 2.379592386266842496e-01
4.400000000000000000e+01 2.379557210865565486e-01
4.500000000000000000e+01 2.379450738299574708e-01
4.600000000000000000e+01 2.379399917251275864e-01
4.700000000000000000e+01 2.379355367146827049e-01
4.800000000000000000e+01 2.379309042517966655e-01
4.900000000000000000e+01 2.379267925025344010e-01
5.000000000000000000e+01 2.379257353225067428e-01
5.100000000000000000e+01 2.379225542384055814e-01
5.200000000000000000e+01 2.379212391089261247e-01
5.300000000000000000e+01 2.379193216951704382e-01
5.400000000000000000e+01 2.379173699022440469e-01
5.500000000000000000e+01 2.379160764066763079e-01
5.600000000000000000e+01 2.379132755183585857e-01
5.700000000000000000e+01 2.379124676101518066e-01
5.800000000000000000e+01 2.379095763780677553e-01
5.900000000000000000e+01 2.379078904342304956e-01
6.000000000000000000e+01 2.379077002242950822e-01
6.100000000000000000e+01 2.379064498230831493e-01
6.200000000000000000e+01 2.379059894812536879e-01
6.300000000000000000e+01 2.379051233339546101e-01
6.400000000000000000e+01 2.379029034968461742e-01
6.500000000000000000e+01 2.379014586795852870e-01
6.600000000000000000e+01 2.378990904481878554e-01
6.700000000000000000e+01 2.378973895011717299e-01
6.800000000000000000e+01 2.378963968124820083e-01
6.900000000000000000e+01 2.378957633822098849e-01
7.000000000000000000e+01 2.378945617400720636e-01
7.100000000000000000e+01 2.378933095784468710e-01
7.200000000000000000e+01 2.378919246964746048e-01
7.300000000000000000e+01 2.378896572351170413e-01
7.400000000000000000e+01 2.378887364893934042e-01
7.500000000000000000e+01 2.378876972246522226e-01
7.600000000000000000e+01 2.378861274378254731e-01
7.700000000000000000e+01 2.378842957894483356e-01
7.800000000000000000e+01 2.378835928440808933e-01
7.900000000000000000e+01 2.378831054829986524e-01
8.000000000000000000e+01 2.378827814865797086e-01
8.100000000000000000e+01 2.378820398231318023e-01
8.200000000000000000e+01 2.378818194404357933e-01
8.300000000000000000e+01 2.378815384674769495e-01
8.400000000000000000e+01 2.378811027384099552e-01
8.500000000000000000e+01 2.378808073111590149e-01
8.600000000000000000e+01 2.378804385614030903e-01
8.700000000000000000e+01 2.378796284351090418e-01
8.800000000000000000e+01 2.378786254116549426e-01
8.900000000000000000e+01 2.378775041061028939e-01
9.000000000000000000e+01 2.378767467847521244e-01
9.100000000000000000e+01 2.378749580621252468e-01
9.200000000000000000e+01 2.378740611957891049e-01
9.300000000000000000e+01 2.378735523508197780e-01
9.400000000000000000e+01 2.378734543574493598e-01
9.500000000000000000e+01 2.378733986679989754e-01
9.600000000000000000e+01 2.378732822602176722e-01
9.700000000000000000e+01 2.378731567714023609e-01
9.800000000000000000e+01 2.378727194033188330e-01
9.900000000000000000e+01 2.378720990897179866e-01
1.000000000000000000e+02 2.378711877634980820e-01
1.010000000000000000e+02 2.378704883808459014e-01
1.020000000000000000e+02 2.378699825793333666e-01
1.030000000000000000e+02 2.378697021299338021e-01
1.040000000000000000e+02 2.378692814854038717e-01
1.050000000000000000e+02 2.378687837606873468e-01
1.060000000000000000e+02 2.378679773716401435e-01
1.070000000000000000e+02 2.378674797556501463e-01
1.080000000000000000e+02 2.378671636995823568e-01
1.090000000000000000e+02 2.378667996739607937e-01
1.100000000000000000e+02 2.378664649105839968e-01
1.110000000000000000e+02 2.378656898252625440e-01
1.120000000000000000e+02 2.378654041988677303e-01
1.130000000000000000e+02 2.378652597363339616e-01
1.140000000000000000e+02 2.378649247611026862e-01
1.150000000000000000e+02 2.378644705522963421e-01
1.160000000000000000e+02 2.378640898923408964e-01
1.170000000000000000e+02 2.378639670982488907e-01
1.180000000000000000e+02 2.378638088052694166e-01
1.190000000000000000e+02 2.378635813891811779e-01
1.200000000000000000e+02 2.378633773084687375e-01
1.210000000000000000e+02 2.378631749385270999e-01
1.220000000000000000e+02 2.378629055508079682e-01
1.230000000000000000e+02 2.378627341243559901e-01
1.240000000000000000e+02 2.378626962685133350e-01
1.250000000000000000e+02 2.378625624528016291e-01
1.260000000000000000e+02 2.378624042075048461e-01
1.270000000000000000e+02 2.378623221733794924e-01
1.280000000000000000e+02 2.378622051983312335e-01
1.290000000000000000e+02 2.378615645767438724e-01
1.300000000000000000e+02 2.378613226566655969e-01
1.310000000000000000e+02 2.378610625245287935e-01
1.320000000000000000e+02 2.378610513096827417e-01
1.330000000000000000e+02 2.378609740873974809e-01
1.340000000000000000e+02 2.378609453662932915e-01
1.350000000000000000e+02 2.378608888640631469e-01
1.360000000000000000e+02 2.378608510319387970e-01
1.370000000000000000e+02 2.378608377473936386e-01
1.380000000000000000e+02 2.378607064075229927e-01
1.390000000000000000e+02 2.378605585151109258e-01
1.400000000000000000e+02 2.378604296487814851e-01
1.410000000000000000e+02 2.378603571591716426e-01
1.420000000000000000e+02 2.378603128327602123e-01
1.430000000000000000e+02 2.378601920508439660e-01
1.440000000000000000e+02 2.378601093514687015e-01
1.450000000000000000e+02 2.378600079968240244e-01
1.460000000000000000e+02 2.378599317977944660e-01
1.470000000000000000e+02 2.378598609951911858e-01
1.480000000000000000e+02 2.378597399127489465e-01
1.490000000000000000e+02 2.378596675459637988e-01
1.500000000000000000e+02 2.378596508759636963e-01
1.510000000000000000e+02 2.378595895782175118e-01
1.520000000000000000e+02 2.378595326385526676e-01
1.530000000000000000e+02 2.378595013143547099e-01
1.540000000000000000e+02 2.378594596445842146e-01
1.550000000000000000e+02 2.378593967402038989e-01
1.560000000000000000e+02 2.378593140631817815e-01
1.570000000000000000e+02 2.378591354888878462e-01
1.580000000000000000e+02 2.378591215957185367e-01
1.590000000000000000e+02 2.378590766045459159e-01
1.600000000000000000e+02 2.378590127087045480e-01
1.610000000000000000e+02 2.378589270508034426e-01
1.620000000000000000e+02 2.378588009482296706e-01
1.630000000000000000e+02 2.378587352986199777e-01
1.640000000000000000e+02 2.378587188169242472e-01
1.650000000000000000e+02 2.378586889248592573e-01
1.660000000000000000e+02 2.378586831086641207e-01
1.670000000000000000e+02 2.378586760428540448e-01
1.680000000000000000e+02 2.378586722750687388e-01
1.690000000000000000e+02 2.378586676855991566e-01
1.700000000000000000e+02 2.378586637578307961e-01
1.710000000000000000e+02 2.378586624904057700e-01
