1.000000000000000000e+00 3.804072005031889359e-01
2.000000000000000000e+00 3.757220413310154439e-01
3.000000000000000000e+00 3.715900873081501854e-01
4.000000000000000000e+00 3.642439071527525662e-01
5.000000000000000000e+00 2.998764410483422682e-01
6.000000000000000000e+00 2.883130915815888540e-01
7.000000000000000000e+00 2.742114593780187182e-01
8.000000000000000000e+00 2.522855473499647783e-01
9.000000000000000000e+00 2.479822977156430075e-01
1.000000000000000000e+01 2.457818313684408118e-01
1.100000000000000000e+01 2.455609758025163181e-01
1.200000000000000000e+01 2.455109350577194816e-01
1.300000000000000000e+01 2.453445659671388834e-01
1.400000000000000000e+01 2.447728583935723234e-01
1.500000000000000000e+01 2.441666733274102385e-01
1.600000000000000000e+01 2.438768063682381915e-01
1.700000000000000000e+01 2.434788617852255421e-01
1.800000000000000000e+01 2.433719645474629323e-01
1.900000000000000000e+01 2.433369446485984244e-01
2.000000000000000000e+01 2.432935528171931150e-01
2.100000000000000000e+01 2.432376833747610934e-01
2.200000000000000000e+01 2.431315027362380699e-01
2.300000000000000000e+01 2.428969163476512316e-01
2.400000000000000000e+01 2.425959027058249284e-01
2.500000000000000000e+01 2.418035249937448006e-01
2.600000000000000000e+01 2.397189980708878954e-01
2.700000000000000000e+01 2.370515239231643922e-01
2.800000000000000000e+01 2.362467985035393847e-01
2.900000000000000000e+01 2.236902887234510084e-01
3.000000000000000000e+01 2.123002348409063766e-01
3.100000000000000000e+01 1.977561493485651689e-01
3.200000000000000000e+01 1.843306542850299545e-01
3.300000000000000000e+01 1.771814090610953629e-01
3.400000000000000000e+01 1.739042954948556985e-01
3.500000000000000000e+01 1.675841426130939282e-01
3.600000000000000000e+01 1.625428358315489097e-01
3.700000000000000000e+01 1.595380106073179260e-01
3.800000000000000000e+01 1.576312012046229560e-01
3.900000000000000000e+01 1.573191624359241425e-01
4.000000000000000000e+01 1.572221271910924922e-01
4.100000000000000000e+01 1.572088759482802856e-01
4.200000000000000000e+01 1.572032332644161812e-01
4.300000000000000000e+01 1.571952035593133790e-01
4.400000000000000000e+01 1.571796791970996587e-01
4.500000000000000000e+01 1.571557028583606130e-01
4.600000000000000000e+01 1.571099271194702773e-01
4.700000000000000000e+01 1.570255064071560125e-01
4.800000000000000000e+01 1.569908894440483760e-01
4.900000000000000000e+01 1.569140929302093590e-01
5.000000000000000000e+01 1.567423406779932527e-01
5.100000000000000000e+01 1.566160850531092830e-01
5.200000000000000000e+01 1.565280979945109507e-01
5.300000000000000000e+01 1.564438272131938035e-01
5.400000000000000000e+01 1.564077966129215069e-01
5.500000000000000000e+01 1.563499294996940070e-01
5.600000000000000000e+01 1.562564061022658213e-01
5.700000000000000000e+01 1.561978039184874767e-01
5.800000000000000000e+01 1.561743935410676576e-01
5.900000000000000000e+01 1.561631545979907942e-01
6.000000000000000000e+01 1.561543940790823259e-01
6.100000000000000000e+01 1.561511816755598581e-01
6.200000000000000000e+01 1.561483928441856628e-01
6.300000000000000000e+01 1.561474008711521144e-01
6.400000000000000000e+01 1.561466214758121807e-01
6.500000000000000000e+01 1.561455334271066864e-01
6.600000000000000000e+01 1.561453888699573522e-01
6.700000000000000000e+01 1.561453563738134653e-01
6.800000000000000000e+01 1.561453551458778510e-01
