1.000000000000000000e+00 2.558173163671104144e-01
2.000000000000000000e+00 2.493098153754713664e-01
3.000000000000000000e+00 2.444053730126449220e-01
4.000000000000000000e+00 2.427652871517581856e-01
5.000000000000000000e+00 2.416398682756783489e-01
6.000000000000000000e+00 2.406021409408976297e-01
7.000000000000000000e+00 2.394968902033631220e-01
8.000000000000000000e+00 2.385973135980052340e-01
9.000000000000000000e+00 2.381058796396701704e-01
1.000000000000000000e+01 2.379633866241160078e-01
1.100000000000000000e+01 2.378489969317630071e-01
1.200000000000000000e+01 2.376444071516904677e-01
1.300000000000000000e+01 2.372944553307400062e-01
1.400000000000000000e+01 2.369564472369965480e-01
1.500000000000000000e+01 2.368428275784232317e-01
1.600000000000000000e+01 2.367074159512772003e-01
1.700000000000000000e+01 2.365878638459051608e-01
1.800000000000000000e+01 2.362868234124348987e-01
1.900000000000000000e+01 2.359634139931703622e-01
2.000000000000000000e+01 2.356546832806167280e-01
2.100000000000000000e+01 2.351702815512285438e-01
2.200000000000000000e+01 2.349257909865726524e-01
2.300000000000000000e+01 2.347485337357636537e-01
2.400000000000000000e+01 2.346101989523325382e-01
2.500000000000000000e+01 2.343325437567760905e-01
2.600000000000000000e+01 2.342418514514075512e-01
2.700000000000000000e+01 2.341032117059121953e-01
2.800000000000000000e+01 2.339420481148317688e-01
2.900000000000000000e+01 2.337517791771577536e-01
3.000000000000000000e+01 2.336037180930954915e-01
3.100000000000000000e+01 2.328948641833528677e-01
3.200000000000000000e+01 2.325545393490381918e-01
3.300000000000000000e+01 2.322860933540943362e-01
3.400000000000000000e+01 2.306062109915137937e-01
3.500000000000000000e+01 2.300875866236290757e-01
3.600000000000000000e+01 2.294696516411655896e-01
3.700000000000000000e+01 2.291680006398028602e-01
3.800000000000000000e+01 2.287181397972234964e-01
3.900000000000000000e+01 2.285614608420870331e-01
4.000000000000000000e+01 2.284058126416260714e-01
4.100000000000000000e+01 2.282759758423210661e-01
4.200000000000000000e+01 2.279180963759803169e-01
4.300000000000000000e+01 2.272555748034022771e-01
4.400000000000000000e+01 2.266782815329794198e-01
4.500000000000000000e+01 2.263062596796182602e-01
4.600000000000000000e+01 2.255194832785542280e-01
4.700000000000000000e+01 2.249125171844765791e-01
4.800000000000000000e+01 2.243087067885262409e-01
4.900000000000000000e+01 2.234706686937933395e-01
5.000000000000000000e+01 2.228202865008821199e-01
5.100000000000000000e+01 2.220916962404534678e-01
5.200000000000000000e+01 2.215158343841646393e-01
5.300000000000000000e+01 2.209914968618462150e-01
5.400000000000000000e+01 2.204562931230648060e-01
5.500000000000000000e+01 2.200407282715791668e-01
5.600000000000000000e+01 2.194911410234661742e-01
5.700000000000000000e+01 2.190758502315634793e-01
5.800000000000000000e+01 2.189227107416513995e-01
5.900000000000000000e+01 2.187866528954123257e-01
6.000000000000000000e+01 2.185375294591882789e-01
6.100000000000000000e+01 2.180958054118078138e-01
6.200000000000000000e+01 2.176917131659052151e-01
6.300000000000000000e+01 2.171730719784598640e-01
6.400000000000000000e+01 2.164496931585918604e-01
6.500000000000000000e+01 2.155328296236155017e-01
6.600000000000000000e+01 2.153389927553268357e-01
6.700000000000000000e+01 2.152717814198217283e-01
6.800000000000000000e+01 2.151339921123234245e-01
6.900000000000000000e+01 2.151022180527597527e-01
7.000000000000000000e+01 2.150839629871352798e-01
7.100000000000000000e+01 2.150797437879767016e-01
7.200000000000000000e+01 2.150779598708384421e-01
7.300000000000000000e+01 2.150759942545478198e-01
7.400000000000000000e+01 2.150732306653320991e-01
7.500000000000000000e+01 2.150709980185141756e-01
7.600000000000000000e+01 2.150692312976002496e-01
7.700000000000000000e+01 2.150636784488528519e-01
7.800000000000000000e+01 2.150601680726536569e-01
7.900000000000000000e+01 2.150599402288899953e-01
8.000000000000000000e+01 2.150584876465842510e-01
8.100000000000000000e+01 2.150582978263176070e-01
8.200000000000000000e+01 2.150577858488087191e-01
8.300000000000000000e+01 2.150562308282287505e-01
8.400000000000000000e+01 2.150551947809328235e-01
8.500000000000000000e+01 2.150528292343469039e-01
8.600000000000000000e+01 2.150485283270974768e-01
8.700000000000000000e+01 2.150483085638540959e-01
8.800000000000000000e+01 2.150466366905032789e-01
8.900000000000000000e+01 2.150455975149906940e-01
9.000000000000000000e+01 2.150425575322692240e-01
9.100000000000000000e+01 2.150378012769691427e-01
9.200000000000000000e+01 2.150361071816618841e-01
9.300000000000000000e+01 2.150320119888300963e-01
9.400000000000000000e+01 2.150291974286934193e-01
9.500000000000000000e+01 2.150255788857617645e-01
9.600000000000000000e+01 2.150234102271565417e-01
9.700000000000000000e+01 2.150219864919626356e-01
9.800000000000000000e+01 2.150206056985612402e-01
9.900000000000000000e+01 2.150194874744467133e-01
1.000000000000000000e+02 2.150192270020648833e-01
1.010000000000000000e+02 2.150189559778064308e-01
1.020000000000000000e+02 2.150187354548803720e-01
1.030000000000000000e+02 2.150185926716853824e-01
1.040000000000000000e+02 2.150177333486468778e-01
1.050000000000000000e+02 2.150166140225793776e-01
1.060000000000000000e+02 2.150145588566773347e-01
1.070000000000000000e+02 2.150122156794554706e-01
1.080000000000000000e+02 2.150096702162442308e-01
1.090000000000000000e+02 2.150071692122654810e-01
1.100000000000000000e+02 2.150057584685839407e-01
1.110000000000000000e+02 2.150048202122169239e-01
1.120000000000000000e+02 2.150039277445533192e-01
1.130000000000000000e+02 2.150037461337737099e-01
1.140000000000000000e+02 2.150036216530559485e-01
1.150000000000000000e+02 2.150035099784522730e-01
1.160000000000000000e+02 2.150031480358094438e-01
1.170000000000000000e+02 2.150025100322550120e-01
1.180000000000000000e+02 2.150010363494877785e-01
1.190000000000000000e+02 2.149993934483064584e-01
1.200000000000000000e+02 2.149975884873239762e-01
1.210000000000000000e+02 2.149952339206417928e-01
1.220000000000000000e+02 2.149936117504398225e-01
1.230000000000000000e+02 2.149884440387249407e-01
1.240000000000000000e+02 2.149849426006531505e-01
1.250000000000000000e+02 2.149781847015631853e-01
1.260000000000000000e+02 2.149631879711351723e-01
1.270000000000000000e+02 2.149397613280346064e-01
1.280000000000000000e+02 2.148983323928405076e-01
1.290000000000000000e+02 2.148626502213741574e-01
1.300000000000000000e+02 2.148156123240805015e-01
1.310000000000000000e+02 2.147650770520383168e-01
1.320000000000000000e+02 2.147414982239241599e-01
1.330000000000000000e+02 2.147155203784185951e-01
1.340000000000000000e+02 2.147107067792191626e-01
1.350000000000000000e+02 2.147043149260255968e-01
1.360000000000000000e+02 2.147008308152687228e-01
1.370000000000000000e+02 2.146955292296468532e-01
1.380000000000000000e+02 2.146849295306266503e-01
1.390000000000000000e+02 2.146807452207971645e-01
1.400000000000000000e+02 2.146617910746854430e-01
1.410000000000000000e+02 2.146502985817607956e-01
1.420000000000000000e+02 2.146387462591983208e-01
1.430000000000000000e+02 2.145986549003449650e-01
1.440000000000000000e+02 2.145942810423444036e-01
1.450000000000000000e+02 2.145586674067434807e-01
1.460000000000000000e+02 2.145176436322375479e-01
1.470000000000000000e+02 2.143930290841437880e-01
1.480000000000000000e+02 2.142672126363890650e-01
1.490000000000000000e+02 2.140686286756225687e-01
1.500000000000000000e+02 2.139455371044681198e-01
1.510000000000000000e+02 2.135471147393467328e-01
1.520000000000000000e+02 2.131966208988911871e-01
1.530000000000000000e+02 2.126824210150907446e-01
1.540000000000000000e+02 2.118852818513174419e-01
1.550000000000000000e+02 2.115380956244136135e-01
1.560000000000000000e+02 2.104856732750393922e-01
1.570000000000000000e+02 2.093214279016621104e-01
1.580000000000000000e+02 2.088334749584083438e-01
1.590000000000000000e+02 2.085660003463778722e-01
1.600000000000000000e+02 2.084417565570034769e-01
1.610000000000000000e+02 2.082907709329150925e-01
1.620000000000000000e+02 2.081618803484004132e-01
1.630000000000000000e+02 2.080964830475820204e-01
1.640000000000000000e+02 2.080390025556015932e-01
1.650000000000000000e+02 2.080148977994422943e-01
1.660000000000000000e+02 2.079705445423839227e-01
1.670000000000000000e+02 2.079535554112897366e-01
1.680000000000000000e+02 2.079349837816902302e-01
1.690000000000000000e+02 2.078941239420527554e-01
1.700000000000000000e+02 2.078755008598201504e-01
1.710000000000000000e+02 2.078524311104500422e-01
1.720000000000000000e+02 2.078382868532125671e-01
1.730000000000000000e+02 2.078171728214587566e-01
1.740000000000000000e+02 2.078068900303742805e-01
1.750000000000000000e+02 2.077887580822080082e-01
1.760000000000000000e+02 2.077808606930854063e-01
1.770000000000000000e+02 2.077725773923298214e-01
1.780000000000000000e+02 2.077643217098016359e-01
1.790000000000000000e+02 2.077577525039898398e-01
1.800000000000000000e+02 2.077504300127538117e-01
1.810000000000000000e+02 2.077422028986254388e-01
1.820000000000000000e+02 2.077239947689377420e-01
1.830000000000000000e+02 2.077107622762683625e-01
1.840000000000000000e+02 2.076909943542220582e-01
1.850000000000000000e+02 2.076494059524924274e-01
1.860000000000000000e+02 2.076034629107967322e-01
1.870000000000000000e+02 2.071833732403349226e-01
1.880000000000000000e+02 2.062318955755093608e-01
1.890000000000000000e+02 2.060253777045286949e-01
1.900000000000000000e+02 2.043289398406998858e-01
1.910000000000000000e+02 2.027245739659509771e-01
1.920000000000000000e+02 2.020875977154223957e-01
1.930000000000000000e+02 2.010496518518858355e-01
1.940000000000000000e+02 2.003532826944841305e-01
1.950000000000000000e+02 1.997768268233614808e-01
1.960000000000000000e+02 1.989477506158477405e-01
1.970000000000000000e+02 1.976279940009505742e-01
1.980000000000000000e+02 1.969129110516470438e-01
1.990000000000000000e+02 1.963181840840119430e-01
2.000000000000000000e+02 1.958019368218108236e-01
2.010000000000000000e+02 1.955730805821734863e-01
2.020000000000000000e+02 1.953747652888261077e-01
2.030000000000000000e+02 1.953005756500067469e-01
2.040000000000000000e+02 1.951954201483258877e-01
2.050000000000000000e+02 1.951344754625143896e-01
2.060000000000000000e+02 1.950184534173373119e-01
2.070000000000000000e+02 1.950018111998171599e-01
2.080000000000000000e+02 1.949711924584358602e-01
2.090000000000000000e+02 1.949483326774194003e-01
2.100000000000000000e+02 1.949205547987334086e-01
2.110000000000000000e+02 1.948863086723172378e-01
2.120000000000000000e+02 1.948659767940379706e-01
2.130000000000000000e+02 1.948027983873714397e-01
2.140000000000000000e+02 1.947634383715500239e-01
2.150000000000000000e+02 1.947263534679442021e-01
2.160000000000000000e+02 1.947056069988514770e-01
2.170000000000000000e+02 1.946703353943866621e-01
2.180000000000000000e+02 1.946599392146398932e-01
2.190000000000000000e+02 1.946432195848108171e-01
2.200000000000000000e+02 1.946289240537832366e-01
2.210000000000000000e+02 1.946043558268487905e-01
2.220000000000000000e+02 1.942036618027892514e-01
2.230000000000000000e+02 1.941859672952600535e-01
2.240000000000000000e+02 1.939587483610909491e-01
2.250000000000000000e+02 1.935115260228627565e-01
2.260000000000000000e+02 1.920264163653661593e-01
2.270000000000000000e+02 1.848812625427944945e-01
2.280000000000000000e+02 1.824825723960017965e-01
2.290000000000000000e+02 1.804786701756477263e-01
2.300000000000000000e+02 1.765466607284299494e-01
2.310000000000000000e+02 1.743506765969280448e-01
2.320000000000000000e+02 1.724943092739220085e-01
2.330000000000000000e+02 1.719337229678897516e-01
2.340000000000000000e+02 1.718167645756132622e-01
2.350000000000000000e+02 1.717366894851561077e-01
2.360000000000000000e+02 1.716461700772629606e-01
2.370000000000000000e+02 1.714534116752556570e-01
2.380000000000000000e+02 1.711387543430877289e-01
2.390000000000000000e+02 1.706559588037559194e-01
2.400000000000000000e+02 1.699426309315427708e-01
2.410000000000000000e+02 1.689092096893334838e-01
2.420000000000000000e+02 1.677151610210105004e-01
2.430000000000000000e+02 1.672525848876085797e-01
2.440000000000000000e+02 1.667149825184305045e-01
2.450000000000000000e+02 1.664668690019518726e-01
2.460000000000000000e+02 1.659421520646049697e-01
2.470000000000000000e+02 1.653379977444746352e-01
2.480000000000000000e+02 1.643860258314336076e-01
2.490000000000000000e+02 1.633366348239181642e-01
2.500000000000000000e+02 1.627931413992155241e-01
2.510000000000000000e+02 1.621782338757148112e-01
2.520000000000000000e+02 1.618741784330016698e-01
2.530000000000000000e+02 1.615013900196921592e-01
2.540000000000000000e+02 1.610166616866385014e-01
2.550000000000000000e+02 1.607216640874523372e-01
2.560000000000000000e+02 1.606337252153418327e-01
2.570000000000000000e+02 1.605737362804961765e-01
2.580000000000000000e+02 1.605070016756648121e-01
2.590000000000000000e+02 1.604552280416063903e-01
2.600000000000000000e+02 1.604324547501704279e-01
2.610000000000000000e+02 1.604192025480473682e-01
2.620000000000000000e+02 1.604030856223604973e-01
2.630000000000000000e+02 1.603941322289939575e-01
2.640000000000000000e+02 1.603859913827407613e-01
2.650000000000000000e+02 1.603783973003941321e-01
2.660000000000000000e+02 1.603738802686140996e-01
2.670000000000000000e+02 1.603704802589580314e-01
2.680000000000000000e+02 1.603648598881992626e-01
2.690000000000000000e+02 1.603592445210569872e-01
2.700000000000000000e+02 1.603414255398750987e-01
2.710000000000000000e+02 1.603326300445348518e-01
2.720000000000000000e+02 1.603199509351286856e-01
2.730000000000000000e+02 1.603167250361134943e-01
2.740000000000000000e+02 1.603016792429065585e-01
2.750000000000000000e+02 1.602931664268017198e-01
2.760000000000000000e+02 1.602830383219824295e-01
2.770000000000000000e+02 1.602666612804869994e-01
2.780000000000000000e+02 1.602245145895216660e-01
2.790000000000000000e+02 1.601870499800866487e-01
2.800000000000000000e+02 1.600779380471741842e-01
2.810000000000000000e+02 1.597514091113418355e-01
2.820000000000000000e+02 1.596464247207640685e-01
2.830000000000000000e+02 1.594699867762727763e-01
2.840000000000000000e+02 1.593575298543979391e-01
2.850000000000000000e+02 1.591937148011094705e-01
2.860000000000000000e+02 1.590889249314584586e-01
2.870000000000000000e+02 1.590046742729675500e-01
2.880000000000000000e+02 1.589367210279363785e-01
2.890000000000000000e+02 1.588553438258510364e-01
2.900000000000000000e+02 1.587446718507858900e-01
2.910000000000000000e+02 1.587118494319293971e-01
2.920000000000000000e+02 1.586698493972043267e-01
2.930000000000000000e+02 1.586447962758135433e-01
2.940000000000000000e+02 1.586173370239301883e-01
2.950000000000000000e+02 1.586037760996085733e-01
2.960000000000000000e+02 1.585883294062198356e-01
2.970000000000000000e+02 1.585797200774319293e-01
2.980000000000000000e+02 1.585703802209466606e-01
2.990000000000000000e+02 1.585680673603226953e-01
3.000000000000000000e+02 1.585650486358225197e-01
3.010000000000000000e+02 1.585626721094817726e-01
3.020000000000000000e+02 1.585612401898303381e-01
3.030000000000000000e+02 1.585598404926281957e-01
3.040000000000000000e+02 1.585593141382543314e-01
3.050000000000000000e+02 1.585587958166695399e-01
3.060000000000000000e+02 1.585584817340965069e-01
3.070000000000000000e+02 1.585582595297407860e-01
3.080000000000000000e+02 1.585581182255232646e-01
3.090000000000000000e+02 1.585579989444129423e-01
3.100000000000000000e+02 1.585579064895231705e-01
3.110000000000000000e+02 1.585578651114007143e-01
3.120000000000000000e+02 1.585578540331725184e-01
3.130000000000000000e+02 1.585578201492585382e-01
3.140000000000000000e+02 1.585577742914070776e-01
3.150000000000000000e+02 1.585576599113598384e-01
3.160000000000000000e+02 1.585574879740579979e-01
3.170000000000000000e+02 1.585572368736870574e-01
3.180000000000000000e+02 1.585569385174218915e-01
3.190000000000000000e+02 1.585568136173337583e-01
3.200000000000000000e+02 1.585567407404448459e-01
3.210000000000000000e+02 1.585567026432874449e-01
3.220000000000000000e+02 1.585566924217764462e-01
3.230000000000000000e+02 1.585566801841381823e-01
3.240000000000000000e+02 1.585566640825928630e-01
3.250000000000000000e+02 1.585566522328097638e-01
