1.000000000000000000e+00 2.271436786751601378e-01
2.000000000000000000e+00 2.206643226510553724e-01
3.000000000000000000e+00 2.120000839718705898e-01
4.000000000000000000e+00 2.104993618290428858e-01
5.000000000000000000e+00 2.101859941129138321e-01
6.000000000000000000e+00 2.101478390601128343e-01
7.000000000000000000e+00 2.100059945352308888e-01
8.000000000000000000e+00 2.092602082721490564e-01
9.000000000000000000e+00 2.088081410210914923e-01
1.000000000000000000e+01 2.084812347392976661e-01
1.100000000000000000e+01 2.081577404545287002e-01
1.200000000000000000e+01 2.080945009314840999e-01
1.300000000000000000e+01 2.080815186071687251e-01
1.400000000000000000e+01 2.080781650936042171e-01
1.500000000000000000e+01 2.080724669025369455e-01
1.600000000000000000e+01 2.080617245998869769e-01
1.700000000000000000e+01 2.080580447767315655e-01
1.800000000000000000e+01 2.080575505437493034e-01
1.900000000000000000e+01 2.080574835461467265e-01
