1.000000000000000000e+00 2.071241155992782912e-01
2.000000000000000000e+00 1.816155173458224581e-01
3.000000000000000000e+00 1.400546842183585383e-01
4.000000000000000000e+00 1.158732051889580505e-01
5.000000000000000000e+00 1.052086798315747806e-01
6.000000000000000000e+00 1.002914418043646394e-01
7.000000000000000000e+00 9.823811355198476536e-02
8.000000000000000000e+00 9.649751312796714386e-02
9.000000000000000000e+00 9.539528276700938447e-02
1.000000000000000000e+01 9.532607291746737765e-02
1.100000000000000000e+01 9.530846919038768461e-02
1.200000000000000000e+01 9.521993825000155121e-02
1.300000000000000000e+01 9.515851198194490157e-02
1.400000000000000000e+01 9.510792006982590752e-02
1.500000000000000000e+01 9.506376481783142263e-02
1.600000000000000000e+01 9.502874153043557037e-02
1.700000000000000000e+01 9.498096464352694113e-02
1.800000000000000000e+01 9.495670990336822770e-02
1.900000000000000000e+01 9.495279010916674034e-02
2.000000000000000000e+01 9.495021500197575737e-02
2.100000000000000000e+01 9.494929020770789818e-02
2.200000000000000000e+01 9.494866977006634345e-02
2.300000000000000000e+01 9.494783464187596389e-02
2.400000000000000000e+01 9.494773521117352844e-02
2.500000000000000000e+01 9.494770995364254507e-02
2.600000000000000000e+01 9.494770687629053296e-02
