4.353885803754794281e+00
-6.862307252445337680e-01
5.833277201241686694e-01
1.316217875276617821e+00
8.916410486919552625e-01
-1.408461718822886954e+00
2.146083407548698752e+00
-7.244229102459302794e-02
9.468952414700202436e-01
1.962904296053866515e+00
1.200514360657588320e+00
6.667011571740616427e-01
-3.028405973397567119e-01
-8.070114854099892376e-01
8.855591929138818541e-01
-5.737833437775921031e-01
2.556335088061127081e+00
-6.885079002748131227e-01
1.978829623361977319e+00
9.439555244491672215e-02
2.352772074959578852e+00
1.659282224055023791e+00
2.280554212372857825e-01
-4.393760305422216017e-02
