1.000000000000000000e+00 2.694316955009162240e-01
2.000000000000000000e+00 2.566663292554663411e-01
3.000000000000000000e+00 2.421603111718700352e-01
4.000000000000000000e+00 2.325069869921079779e-01
5.000000000000000000e+00 2.222967600741322935e-01
6.000000000000000000e+00 2.173859590728902669e-01
7.000000000000000000e+00 2.123206886134220706e-01
8.000000000000000000e+00 2.080321193959819570e-01
9.000000000000000000e+00 2.064444488293347979e-01
1.000000000000000000e+01 2.058476761794893473e-01
1.100000000000000000e+01 2.051102193804898721e-01
1.200000000000000000e+01 2.048399183148089941e-01
1.300000000000000000e+01 2.043742793142802328e-01
1.400000000000000000e+01 2.040864674046934946e-01
1.500000000000000000e+01 2.039851281336466926e-01
1.600000000000000000e+01 2.036995499018784683e-01
1.700000000000000000e+01 2.034070202396897620e-01
1.800000000000000000e+01 2.031503478773715177e-01
1.900000000000000000e+01 2.027674441765711655e-01
2.000000000000000000e+01 2.025631295985024227e-01
2.100000000000000000e+01 2.024055932891047072e-01
2.200000000000000000e+01 2.023672145453605242e-01
2.300000000000000000e+01 2.022797235942849214e-01
2.400000000000000000e+01 2.022162338538779636e-01
2.500000000000000000e+01 2.021731242037848042e-01
2.600000000000000000e+01 2.020965035675422461e-01
2.700000000000000000e+01 2.019603059619542729e-01
2.800000000000000000e+01 2.018187540336848773e-01
2.900000000000000000e+01 2.017360271314350695e-01
3.000000000000000000e+01 2.016632724323257631e-01
3.100000000000000000e+01 2.015745262680756766e-01
3.200000000000000000e+01 2.013801623313010714e-01
3.300000000000000000e+01 2.011889215816773102e-01
3.400000000000000000e+01 2.010554028072843447e-01
3.500000000000000000e+01 2.009760206812594707e-01
3.600000000000000000e+01 2.008693660861114727e-01
3.700000000000000000e+01 2.008012576730658916e-01
3.800000000000000000e+01 2.006370045630479770e-01
3.900000000000000000e+01 2.004328527031268292e-01
4.000000000000000000e+01 2.002889119430015519e-01
4.100000000000000000e+01 2.001059989706891473e-01
4.200000000000000000e+01 1.999581976122699611e-01
4.300000000000000000e+01 1.998777003538715347e-01
4.400000000000000000e+01 1.996653547083532265e-01
4.500000000000000000e+01 1.993518438718407948e-01
4.600000000000000000e+01 1.992647594823395707e-01
4.700000000000000000e+01 1.992220057394961941e-01
4.800000000000000000e+01 1.992014571399450817e-01
4.900000000000000000e+01 1.991744676279399995e-01
5.000000000000000000e+01 1.991444101724247073e-01
5.100000000000000000e+01 1.990402998621499386e-01
5.200000000000000000e+01 1.989373428412538891e-01
5.300000000000000000e+01 1.988127589915808235e-01
5.400000000000000000e+01 1.986712122775741995e-01
5.500000000000000000e+01 1.985687739180014288e-01
5.600000000000000000e+01 1.984813096047385872e-01
5.700000000000000000e+01 1.983702757935538463e-01
5.800000000000000000e+01 1.983264928966046170e-01
5.900000000000000000e+01 1.982872431477328001e-01
6.000000000000000000e+01 1.982696322696858304e-01
6.100000000000000000e+01 1.982484760227600784e-01
6.200000000000000000e+01 1.982128442925365774e-01
6.300000000000000000e+01 1.981815535211760015e-01
6.400000000000000000e+01 1.981411813158992785e-01
6.500000000000000000e+01 1.981076485113551777e-01
6.600000000000000000e+01 1.980637481539222200e-01
6.700000000000000000e+01 1.980241589949958136e-01
6.800000000000000000e+01 1.979793042912813272e-01
6.900000000000000000e+01 1.978761936814026623e-01
7.000000000000000000e+01 1.977337235181802211e-01
7.100000000000000000e+01 1.975303477988536449e-01
7.200000000000000000e+01 1.974324894840572275e-01
7.300000000000000000e+01 1.972862270636798476e-01
7.400000000000000000e+01 1.972348587754125526e-01
7.500000000000000000e+01 1.971825712834723576e-01
7.600000000000000000e+01 1.971138711837941426e-01
7.700000000000000000e+01 1.970375555385187605e-01
7.800000000000000000e+01 1.968668608670010312e-01
7.900000000000000000e+01 1.967895402738102928e-01
8.000000000000000000e+01 1.966262963312653544e-01
8.100000000000000000e+01 1.965138272113391704e-01
8.200000000000000000e+01 1.963000500424916805e-01
8.300000000000000000e+01 1.960934516658191518e-01
8.400000000000000000e+01 1.954778315417077250e-01
8.500000000000000000e+01 1.951720633779322200e-01
8.600000000000000000e+01 1.948270492101504825e-01
8.700000000000000000e+01 1.944276355466606765e-01
8.800000000000000000e+01 1.935062861050626526e-01
8.900000000000000000e+01 1.929581624334511525e-01
9.000000000000000000e+01 1.925792860766894488e-01
9.100000000000000000e+01 1.923617268954173898e-01
9.200000000000000000e+01 1.922087651419946697e-01
9.300000000000000000e+01 1.921235475941601156e-01
9.400000000000000000e+01 1.919224471723692538e-01
9.500000000000000000e+01 1.918174006831781797e-01
9.600000000000000000e+01 1.917379370413511419e-01
9.700000000000000000e+01 1.916905254228351285e-01
9.800000000000000000e+01 1.915935920288988070e-01
9.900000000000000000e+01 1.915346987689738600e-01
1.000000000000000000e+02 1.914814041763005514e-01
1.010000000000000000e+02 1.914306550541570173e-01
1.020000000000000000e+02 1.913461915687303672e-01
1.030000000000000000e+02 1.912340730781708353e-01
1.040000000000000000e+02 1.910754113338653248e-01
1.050000000000000000e+02 1.908595403978286531e-01
1.060000000000000000e+02 1.906673843294033333e-01
1.070000000000000000e+02 1.904881330074774115e-01
1.080000000000000000e+02 1.904000405393055928e-01
1.090000000000000000e+02 1.903645727046362202e-01
1.100000000000000000e+02 1.903105576951822919e-01
1.110000000000000000e+02 1.902424925386161092e-01
1.120000000000000000e+02 1.901707317462832114e-01
1.130000000000000000e+02 1.900954924268462298e-01
1.140000000000000000e+02 1.900200709903036855e-01
1.150000000000000000e+02 1.899448208159624507e-01
1.160000000000000000e+02 1.898804287057752616e-01
1.170000000000000000e+02 1.898224052563836084e-01
1.180000000000000000e+02 1.897440621763312463e-01
1.190000000000000000e+02 1.896271755194657571e-01
1.200000000000000000e+02 1.893461870650037793e-01
1.210000000000000000e+02 1.888998724382954797e-01
1.220000000000000000e+02 1.880369112180662328e-01
1.230000000000000000e+02 1.864573150743215613e-01
1.240000000000000000e+02 1.845397288499321664e-01
1.250000000000000000e+02 1.808160584427220829e-01
1.260000000000000000e+02 1.765937190251750388e-01
1.270000000000000000e+02 1.725001966113248464e-01
1.280000000000000000e+02 1.699070280723660453e-01
1.290000000000000000e+02 1.684263058741845565e-01
1.300000000000000000e+02 1.659782486513101396e-01
1.310000000000000000e+02 1.648188659567796921e-01
1.320000000000000000e+02 1.640725925533421115e-01
1.330000000000000000e+02 1.629640128176537972e-01
1.340000000000000000e+02 1.616118900262990821e-01
1.350000000000000000e+02 1.603327696388665291e-01
1.360000000000000000e+02 1.597209840661265312e-01
1.370000000000000000e+02 1.591870212742650670e-01
1.380000000000000000e+02 1.589250030016247373e-01
1.390000000000000000e+02 1.583687678038288027e-01
1.400000000000000000e+02 1.580186156553443910e-01
1.410000000000000000e+02 1.576713223316900669e-01
1.420000000000000000e+02 1.573911437813574621e-01
1.430000000000000000e+02 1.571636711186329971e-01
1.440000000000000000e+02 1.569093673509021347e-01
1.450000000000000000e+02 1.564269189862144971e-01
1.460000000000000000e+02 1.560668816390437807e-01
1.470000000000000000e+02 1.557508745205810341e-01
1.480000000000000000e+02 1.555506048912400907e-01
1.490000000000000000e+02 1.552501142983413462e-01
1.500000000000000000e+02 1.549144041944660044e-01
1.510000000000000000e+02 1.544043604471693198e-01
1.520000000000000000e+02 1.540076219012462277e-01
1.530000000000000000e+02 1.531224796196924975e-01
1.540000000000000000e+02 1.518153814702484783e-01
1.550000000000000000e+02 1.514842217088818443e-01
1.560000000000000000e+02 1.508787814456126752e-01
1.570000000000000000e+02 1.508179517994068519e-01
1.580000000000000000e+02 1.503780137444494513e-01
1.590000000000000000e+02 1.500863530884307961e-01
1.600000000000000000e+02 1.498349402455881885e-01
1.610000000000000000e+02 1.496908180281519840e-01
1.620000000000000000e+02 1.495008601465127041e-01
1.630000000000000000e+02 1.494174206461580390e-01
1.640000000000000000e+02 1.493261762046791397e-01
1.650000000000000000e+02 1.492654468598002548e-01
1.660000000000000000e+02 1.491931383014997725e-01
1.670000000000000000e+02 1.491250202774871969e-01
1.680000000000000000e+02 1.490605521582722970e-01
1.690000000000000000e+02 1.490063486770119017e-01
1.700000000000000000e+02 1.489220773137731602e-01
1.710000000000000000e+02 1.488055305900080894e-01
1.720000000000000000e+02 1.487290225654686604e-01
1.730000000000000000e+02 1.486306541263212044e-01
1.740000000000000000e+02 1.485189462014968875e-01
1.750000000000000000e+02 1.483744823231333831e-01
1.760000000000000000e+02 1.482494220292162879e-01
1.770000000000000000e+02 1.480680741104333786e-01
1.780000000000000000e+02 1.478891581865673654e-01
1.790000000000000000e+02 1.476845387153997990e-01
1.800000000000000000e+02 1.475987129101974937e-01
1.810000000000000000e+02 1.475523221599109036e-01
1.820000000000000000e+02 1.474740763550040634e-01
1.830000000000000000e+02 1.473939703242582444e-01
1.840000000000000000e+02 1.473153785874638799e-01
1.850000000000000000e+02 1.472108542639027906e-01
1.860000000000000000e+02 1.470932060714963407e-01
1.870000000000000000e+02 1.469677182090152467e-01
1.880000000000000000e+02 1.465578742317757421e-01
1.890000000000000000e+02 1.462826318604656395e-01
1.900000000000000000e+02 1.457833684012608266e-01
1.910000000000000000e+02 1.454366952989883943e-01
1.920000000000000000e+02 1.448144114141392824e-01
1.930000000000000000e+02 1.445929549683036275e-01
1.940000000000000000e+02 1.444696408889031558e-01
1.950000000000000000e+02 1.443627260089696551e-01
1.960000000000000000e+02 1.442319420422308041e-01
1.970000000000000000e+02 1.439746067019698483e-01
1.980000000000000000e+02 1.438825076846482476e-01
1.990000000000000000e+02 1.437379395131675175e-01
2.000000000000000000e+02 1.436103278862751464e-01
2.010000000000000000e+02 1.435142386169162565e-01
2.020000000000000000e+02 1.432666653767401543e-01
2.030000000000000000e+02 1.425404508684912641e-01
2.040000000000000000e+02 1.419719911407065771e-01
2.050000000000000000e+02 1.414289176867766784e-01
2.060000000000000000e+02 1.407709160825013628e-01
2.070000000000000000e+02 1.402406642293938799e-01
2.080000000000000000e+02 1.398361614065511127e-01
2.090000000000000000e+02 1.397031964324375597e-01
2.100000000000000000e+02 1.390788381846261579e-01
2.110000000000000000e+02 1.387919642637785722e-01
2.120000000000000000e+02 1.381981149974950418e-01
2.130000000000000000e+02 1.375985479273285905e-01
2.140000000000000000e+02 1.366922341642491379e-01
2.150000000000000000e+02 1.360793119761841696e-01
2.160000000000000000e+02 1.358077606510190993e-01
2.170000000000000000e+02 1.353199247541309325e-01
2.180000000000000000e+02 1.348382901778375220e-01
2.190000000000000000e+02 1.342038178357659595e-01
2.200000000000000000e+02 1.334109128158689206e-01
2.210000000000000000e+02 1.328694614053780310e-01
2.220000000000000000e+02 1.319862627924232590e-01
2.230000000000000000e+02 1.316386493229975696e-01
2.240000000000000000e+02 1.311309537009862081e-01
2.250000000000000000e+02 1.305792190386880214e-01
2.260000000000000000e+02 1.300386323997408666e-01
2.270000000000000000e+02 1.293228655315232234e-01
2.280000000000000000e+02 1.286498448448047671e-01
2.290000000000000000e+02 1.282583080734397696e-01
2.300000000000000000e+02 1.278327013772255494e-01
2.310000000000000000e+02 1.273816268016320641e-01
2.320000000000000000e+02 1.265489612740945402e-01
2.330000000000000000e+02 1.257032632655009086e-01
2.340000000000000000e+02 1.250494048058774510e-01
2.350000000000000000e+02 1.243424346510913214e-01
2.360000000000000000e+02 1.236423618500503696e-01
2.370000000000000000e+02 1.230382042383340174e-01
2.380000000000000000e+02 1.223601034034284413e-01
2.390000000000000000e+02 1.218954772837505668e-01
2.400000000000000000e+02 1.213466023094273843e-01
2.410000000000000000e+02 1.208641809181294352e-01
2.420000000000000000e+02 1.199027723600407380e-01
2.430000000000000000e+02 1.188288699760076950e-01
2.440000000000000000e+02 1.179527963393704471e-01
2.450000000000000000e+02 1.167220841239091783e-01
2.460000000000000000e+02 1.163013214998573908e-01
2.470000000000000000e+02 1.159564712290961086e-01
2.480000000000000000e+02 1.156291784834896363e-01
2.490000000000000000e+02 1.150602708301612376e-01
2.500000000000000000e+02 1.146556416655171995e-01
2.510000000000000000e+02 1.144776421346208883e-01
2.520000000000000000e+02 1.141602109743046628e-01
2.530000000000000000e+02 1.140617469455633554e-01
2.540000000000000000e+02 1.139779732613591112e-01
2.550000000000000000e+02 1.139080843574074575e-01
2.560000000000000000e+02 1.138457407674388494e-01
2.570000000000000000e+02 1.138340221876528030e-01
2.580000000000000000e+02 1.138214099900893700e-01
2.590000000000000000e+02 1.138107022556946457e-01
2.600000000000000000e+02 1.138016402747392825e-01
2.610000000000000000e+02 1.137931194115465172e-01
2.620000000000000000e+02 1.137902341417200841e-01
2.630000000000000000e+02 1.137860102696338777e-01
2.640000000000000000e+02 1.137849561818732036e-01
2.650000000000000000e+02 1.137842942085439957e-01
2.660000000000000000e+02 1.137833998244892758e-01
2.670000000000000000e+02 1.137820820141003247e-01
2.680000000000000000e+02 1.137799889719282448e-01
2.690000000000000000e+02 1.137779546535838543e-01
2.700000000000000000e+02 1.137755376610662533e-01
2.710000000000000000e+02 1.137737650181432497e-01
2.720000000000000000e+02 1.137724608110324415e-01
2.730000000000000000e+02 1.137710510864772262e-01
2.740000000000000000e+02 1.137701324602983510e-01
2.750000000000000000e+02 1.137692236738163110e-01
2.760000000000000000e+02 1.137682972483556876e-01
2.770000000000000000e+02 1.137678188827790787e-01
2.780000000000000000e+02 1.137673619823446475e-01
2.790000000000000000e+02 1.137667885189348332e-01
2.800000000000000000e+02 1.137663668161005975e-01
2.810000000000000000e+02 1.137657758646537370e-01
2.820000000000000000e+02 1.137654562863162910e-01
2.830000000000000000e+02 1.137650160455460496e-01
2.840000000000000000e+02 1.137649143638301691e-01
2.850000000000000000e+02 1.137645266379909426e-01
2.860000000000000000e+02 1.137644350589309267e-01
2.870000000000000000e+02 1.137643222464278236e-01
2.880000000000000000e+02 1.137642144196671923e-01
2.890000000000000000e+02 1.137641787853175268e-01
2.900000000000000000e+02 1.137641343385098480e-01
2.910000000000000000e+02 1.137641171658352046e-01
2.920000000000000000e+02 1.137640852481385384e-01
2.930000000000000000e+02 1.137640408578627638e-01
2.940000000000000000e+02 1.137640232905165194e-01
2.950000000000000000e+02 1.137639977307262629e-01
2.960000000000000000e+02 1.137639714138458796e-01
2.970000000000000000e+02 1.137639323509205963e-01
2.980000000000000000e+02 1.137638882051001804e-01
2.990000000000000000e+02 1.137638695793868476e-01
3.000000000000000000e+02 1.137638538550769796e-01
3.010000000000000000e+02 1.137638447316416945e-01
3.020000000000000000e+02 1.137638392572881130e-01
3.030000000000000000e+02 1.137638339390306952e-01
3.040000000000000000e+02 1.137638282021789377e-01
3.050000000000000000e+02 1.137638216220873688e-01
