8.998744128380622986e-02
4.841518728942907357e-01
8.554096812181872789e-01
-1.529412370731006998e-01
1.489669790188149490e-01
2.773127119209224944e-01
1.886086167185154983e+00
6.561973525145492481e-01
7.859726026209112870e-01
5.980778645826271278e-01
3.574491028691914041e-01
9.956668739256676615e-01
2.888608949160137995e-01
1.760247156904936466e-02
8.064788634614761254e-01
1.234504554969764745e-01
-2.095201569773024741e-01
1.750255501587471008e-01
-5.381493555479666818e-02
2.308116413698385383e+00
-1.558243421364299830e-01
1.371420250294295595e+00
4.773900940502573409e-01
1.410239775376577409e+00
8.074766392025759520e-01
1.104997149055475747e+00
5.125386837546056507e-01
1.288362589514477685e+00
4.258067688196874867e-01
4.544032009072507261e-01
1.104156295216204953e+00
-3.251594206406617504e-02
2.955546479163758677e-01
1.510923716573614684e+00
-4.562871906710801451e-01
1.087128468520140029e-01
1.362821438776470107e+00
2.031557103697581579e-01
1.178643283095732464e-01
1.290757384371345795e+00
3.594590695583546602e-01
-2.643853568812260524e-01
5.162168432704188348e-01
9.515857040301038683e-02
1.215653273883399388e+00
3.003807105548688128e-01
5.084576075577194043e-01
1.885437500248478629e-02
-7.409060920643664172e-01
-1.331541433367960658e-01
8.388330789906159879e-01
6.510494666161891208e-01
1.402087152807052206e-01
2.418514152957491614e-01
4.499638511488081027e-01
7.658945903211714090e-02
-3.304829061409306212e-01
5.964112835301615956e-01
5.330002625354000045e-01
4.595491951106108197e-01
-4.036570418119900805e-01
5.741618581711234182e-01
4.147313562688300648e-01
-2.369419514923759573e-02
5.450220017419304952e-01
1.012747204618636987e+00
3.449738420379871440e-01
1.186161364587757561e+00
4.265561684288132760e-01
7.410120323513377794e-02
2.084904017843856178e-02
1.618153055701806231e+00
