
Figur of merit = weighted_fidelity_chi
Problem = circle
Number of qubits = 3
Entanglement = y
Number of layers = 8
Minimization method = L-BFGS-B
Random seed = 30

BEST RESULT


THETA = 
[[[ 0.08998744  0.48415187  0.85540968]
  [-0.15294124  0.14896698  0.27731271]
  [ 1.88608617  0.65619735  0.7859726 ]
  [ 0.59807786  0.3574491   0.99566687]
  [ 0.28886089  0.01760247  0.80647886]
  [ 0.12345046 -0.20952016  0.17502555]
  [-0.05381494  2.30811641 -0.15582434]
  [ 1.37142025  0.47739009  1.41023978]]

 [[ 0.80747664  1.10499715  0.51253868]
  [ 1.28836259  0.42580677  0.4544032 ]
  [ 1.1041563  -0.03251594  0.29555465]
  [ 1.51092372 -0.45628719  0.10871285]
  [ 1.36282144  0.20315571  0.11786433]
  [ 1.29075738  0.35945907 -0.26438536]
  [ 0.51621684  0.09515857  1.21565327]
  [ 0.30038071  0.50845761  0.01885438]]

 [[-0.74090609 -0.13315414  0.83883308]
  [ 0.65104947  0.14020872  0.24185142]
  [ 0.44996385  0.07658946 -0.33048291]
  [ 0.59641128  0.53300026  0.4595492 ]
  [-0.40365704  0.57416186  0.41473136]
  [-0.0236942   0.545022    1.0127472 ]
  [ 0.34497384  1.18616136  0.42655617]
  [ 0.0741012   0.02084904  1.61815306]]]
ALPHA = 
[[[-0.05822991  0.87141959]
  [ 0.68805519  0.96783726]
  [-0.76215862  0.95580521]
  [-0.26162376  1.72851809]
  [ 0.11635346 -0.02361812]
  [-0.17290699  0.08324008]
  [-1.00436355  0.82665035]
  [ 0.31771723  0.06623643]]

 [[-0.84097916  0.12187423]
  [ 0.85071278  1.23081857]
  [ 0.83324428 -0.11198811]
  [ 0.69908211 -1.50445242]
  [ 0.0303334   0.62994768]
  [ 0.96444807  1.5607505 ]
  [ 0.18883098 -0.38383339]
  [-0.15288256  0.35325073]]

 [[ 0.07308747  1.03529267]
  [ 0.93623664  0.88102768]
  [ 0.46792982  0.87385785]
  [ 0.3050097  -0.30520618]
  [-0.09728213 -0.62609091]
  [ 1.35652337  0.47814717]
  [-0.16033324  0.36314576]
  [ 0.75547997  0.90866515]]]
WEIGHTS = 
[[ 2.03397245  1.87566283 -1.85711467]
 [ 3.29614532 -1.79348915  0.15012299]]
chi**2 = 0.02898512117771044
acc_train = 0.99
acc_test = 0.9565