-5.822991453703950382e-02
8.714195889928119110e-01
6.880551900014324485e-01
9.678372637731383898e-01
-7.621586192749756350e-01
9.558052092919657738e-01
-2.616237580108745076e-01
1.728518094544138961e+00
1.163534648867673160e-01
-2.361811981193732632e-02
-1.729069906669151724e-01
8.324008165248675262e-02
-1.004363545343518682e+00
8.266503454130526007e-01
3.177172305572047994e-01
6.623642720478289947e-02
-8.409791563252937419e-01
1.218742314133020033e-01
8.507127793188896669e-01
1.230818572482586637e+00
8.332442804406503534e-01
-1.119881116126757864e-01
6.990821146041407141e-01
-1.504452418850768636e+00
3.033340053380139886e-02
6.299476825896901389e-01
9.644480745529343535e-01
1.560750503462236649e+00
1.888309750090507999e-01
-3.838333859794618164e-01
-1.528825559372505305e-01
3.532507348905233879e-01
7.308746916611930100e-02
1.035292669710641267e+00
9.362366360242813101e-01
8.810276804128465145e-01
4.679298237736506660e-01
8.738578466304511849e-01
3.050096985330409405e-01
-3.052061801045843903e-01
-9.728213147809482153e-02
-6.260909067261333227e-01
1.356523365255194014e+00
4.781471681204688684e-01
-1.603332436244619963e-01
3.631457552750962936e-01
7.554799688345378295e-01
9.086651497176501113e-01
