1.000000000000000000e+00 5.228528306556473604e-01
2.000000000000000000e+00 2.697219908286522250e-01
3.000000000000000000e+00 2.261015581851460177e-01
4.000000000000000000e+00 1.808530161458872243e-01
5.000000000000000000e+00 1.556265679301170046e-01
6.000000000000000000e+00 1.350803498389178681e-01
7.000000000000000000e+00 1.213666141526218573e-01
8.000000000000000000e+00 1.158664638278248532e-01
9.000000000000000000e+00 1.105228971625510925e-01
1.000000000000000000e+01 1.031095584924377334e-01
1.100000000000000000e+01 9.933999254044133254e-02
1.200000000000000000e+01 9.576364318455807267e-02
1.300000000000000000e+01 9.400594401390678645e-02
1.400000000000000000e+01 9.114906899275294905e-02
1.500000000000000000e+01 8.956936017383577975e-02
1.600000000000000000e+01 8.746631629206289005e-02
1.700000000000000000e+01 8.591732326593941316e-02
1.800000000000000000e+01 8.388445599715335654e-02
1.900000000000000000e+01 8.172261580608637666e-02
2.000000000000000000e+01 8.061625740719140232e-02
2.100000000000000000e+01 7.902742038538723701e-02
2.200000000000000000e+01 7.744219685155054322e-02
2.300000000000000000e+01 7.655333593781937784e-02
2.400000000000000000e+01 7.534104743869547705e-02
2.500000000000000000e+01 7.444329989293115013e-02
2.600000000000000000e+01 7.353802111829840782e-02
2.700000000000000000e+01 7.284608869479444748e-02
2.800000000000000000e+01 7.157612122535185473e-02
2.900000000000000000e+01 7.028506528598495173e-02
3.000000000000000000e+01 6.893655790097047431e-02
3.100000000000000000e+01 6.726886993498626399e-02
3.200000000000000000e+01 6.602847625236188400e-02
3.300000000000000000e+01 6.263829659106286141e-02
3.400000000000000000e+01 6.070144153108312374e-02
3.500000000000000000e+01 5.827664101299665639e-02
3.600000000000000000e+01 5.744417859971769069e-02
3.700000000000000000e+01 5.514212570747182435e-02
3.800000000000000000e+01 5.425434014831445606e-02
3.900000000000000000e+01 5.302941455972613738e-02
4.000000000000000000e+01 5.167921986502869297e-02
4.100000000000000000e+01 5.050821078724381658e-02
4.200000000000000000e+01 4.973365869300280795e-02
4.300000000000000000e+01 4.909968092306706694e-02
4.400000000000000000e+01 4.750243972787990959e-02
4.500000000000000000e+01 4.651039154049382840e-02
4.600000000000000000e+01 4.578862288467958758e-02
4.700000000000000000e+01 4.518685547051957963e-02
4.800000000000000000e+01 4.461238824135090042e-02
4.900000000000000000e+01 4.391301263743655620e-02
5.000000000000000000e+01 4.294138516183915177e-02
5.100000000000000000e+01 4.215971365286484002e-02
5.200000000000000000e+01 4.138933931482662032e-02
5.300000000000000000e+01 4.071475769478526824e-02
5.400000000000000000e+01 4.025076272752155238e-02
5.500000000000000000e+01 4.000905197430532773e-02
5.600000000000000000e+01 3.984777822357904453e-02
5.700000000000000000e+01 3.947904461689434596e-02
5.800000000000000000e+01 3.839231036744963216e-02
5.900000000000000000e+01 3.801590226527671451e-02
6.000000000000000000e+01 3.704382092855496023e-02
6.100000000000000000e+01 3.681055903902941823e-02
6.200000000000000000e+01 3.653591462764326642e-02
6.300000000000000000e+01 3.622188575037014330e-02
6.400000000000000000e+01 3.569619016085576885e-02
6.500000000000000000e+01 3.537250300685035320e-02
6.600000000000000000e+01 3.517273729858282766e-02
6.700000000000000000e+01 3.496603251541590546e-02
6.800000000000000000e+01 3.481578840244254486e-02
6.900000000000000000e+01 3.459623274490798012e-02
7.000000000000000000e+01 3.438956439436417767e-02
7.100000000000000000e+01 3.413125264977907858e-02
7.200000000000000000e+01 3.392717238776600530e-02
7.300000000000000000e+01 3.367227459288496538e-02
7.400000000000000000e+01 3.352078142197924271e-02
7.500000000000000000e+01 3.337981435630693605e-02
7.600000000000000000e+01 3.326772813848520582e-02
7.700000000000000000e+01 3.314004081127823464e-02
7.800000000000000000e+01 3.302815629624927807e-02
7.900000000000000000e+01 3.293052962590450189e-02
8.000000000000000000e+01 3.278613895656543042e-02
8.100000000000000000e+01 3.264343044993785886e-02
8.200000000000000000e+01 3.254462652706623799e-02
8.300000000000000000e+01 3.244071529390563091e-02
8.400000000000000000e+01 3.232304259516274869e-02
8.500000000000000000e+01 3.218381450549148010e-02
8.600000000000000000e+01 3.208749100367314783e-02
8.700000000000000000e+01 3.199196464607692580e-02
8.800000000000000000e+01 3.188308354370538583e-02
8.900000000000000000e+01 3.178358649071144626e-02
9.000000000000000000e+01 3.163466710184154040e-02
9.100000000000000000e+01 3.155529091226232097e-02
9.200000000000000000e+01 3.145444612249887611e-02
9.300000000000000000e+01 3.135789113607384548e-02
9.400000000000000000e+01 3.124597762164373072e-02
9.500000000000000000e+01 3.111550310707811642e-02
9.600000000000000000e+01 3.099921361067643419e-02
9.700000000000000000e+01 3.085423685801744892e-02
9.800000000000000000e+01 3.068671060772390838e-02
9.900000000000000000e+01 3.051250894915331913e-02
1.000000000000000000e+02 3.042655948001972421e-02
1.010000000000000000e+02 3.026511453200332602e-02
1.020000000000000000e+02 3.017718980375408769e-02
1.030000000000000000e+02 3.004435180982021822e-02
1.040000000000000000e+02 2.992721878486447398e-02
1.050000000000000000e+02 2.982663702000428602e-02
1.060000000000000000e+02 2.974968392849133142e-02
1.070000000000000000e+02 2.968496367863764432e-02
1.080000000000000000e+02 2.958521779343432911e-02
1.090000000000000000e+02 2.941367615271888586e-02
1.100000000000000000e+02 2.923373681015269815e-02
1.110000000000000000e+02 2.909451379438729099e-02
1.120000000000000000e+02 2.898512117771043922e-02
