1.000000000000000000e+00 1.775632979492498265e-01
2.000000000000000000e+00 9.641915460621328093e-02
3.000000000000000000e+00 7.359207632521945486e-02
4.000000000000000000e+00 6.483911040680549742e-02
5.000000000000000000e+00 6.377966629597292547e-02
6.000000000000000000e+00 6.259297968041722948e-02
7.000000000000000000e+00 6.239611027076717026e-02
8.000000000000000000e+00 6.232418215864177907e-02
9.000000000000000000e+00 6.230436586957217165e-02
1.000000000000000000e+01 6.230419214312514498e-02
1.100000000000000000e+01 6.230417109446469148e-02
