-2.224617592930639987e-01
3.781424523603413856e-01
8.554102260806958347e-01
-1.257708877574474693e+00
1.191339210843453511e+00
1.712986678689853715e-01
5.736405108928636087e-01
4.663035883566272743e-01
1.828336638270249503e+00
-1.167786670770267987e+00
3.967663499121729664e-01
8.057737568910975368e-01
-2.480781060777846658e+00
9.357262433134018176e-01
8.457983312571522028e-01
1.036850776532462604e+00
3.515765300674510846e-02
1.093148865676834669e+00
1.589033899608477407e+00
2.203517105520940600e+00
8.885882483176445190e-02
-5.369821544648850642e-01
-1.403995432588925452e+00
1.305643778211292627e+00
