1.000000000000000000e+00 3.244111704274252883e-01
2.000000000000000000e+00 2.402659874603605694e-01
3.000000000000000000e+00 2.155718877491223373e-01
4.000000000000000000e+00 1.824343627638267407e-01
5.000000000000000000e+00 1.561964555636573826e-01
6.000000000000000000e+00 1.313327473528638767e-01
7.000000000000000000e+00 1.176130006880742873e-01
8.000000000000000000e+00 1.106735947954290977e-01
9.000000000000000000e+00 1.025855042957458940e-01
1.000000000000000000e+01 9.390815901420486445e-02
1.100000000000000000e+01 8.699305212582046642e-02
1.200000000000000000e+01 8.509177822392287316e-02
1.300000000000000000e+01 8.345970420402366863e-02
1.400000000000000000e+01 8.134839668246321431e-02
1.500000000000000000e+01 7.964347545762583136e-02
1.600000000000000000e+01 7.793569662441476864e-02
1.700000000000000000e+01 7.695506215303650477e-02
1.800000000000000000e+01 7.572340131015135867e-02
1.900000000000000000e+01 7.342966120413414732e-02
2.000000000000000000e+01 7.176639053166174176e-02
2.100000000000000000e+01 6.986714062332610720e-02
2.200000000000000000e+01 6.732701470027532831e-02
2.300000000000000000e+01 6.643815416560197584e-02
2.400000000000000000e+01 6.587049045373842560e-02
2.500000000000000000e+01 6.551559496183891051e-02
2.600000000000000000e+01 6.524919149868933788e-02
2.700000000000000000e+01 6.494435218953223399e-02
2.800000000000000000e+01 6.448143560724521606e-02
2.900000000000000000e+01 6.402981755320101553e-02
3.000000000000000000e+01 6.372145693432279545e-02
3.100000000000000000e+01 6.347717004116609774e-02
3.200000000000000000e+01 6.313190574086237350e-02
3.300000000000000000e+01 6.280638618353320823e-02
3.400000000000000000e+01 6.177323006006530531e-02
3.500000000000000000e+01 6.102361346819661081e-02
3.600000000000000000e+01 6.010415350791088046e-02
3.700000000000000000e+01 5.847703001720965660e-02
3.800000000000000000e+01 5.709366559059191049e-02
3.900000000000000000e+01 5.526960190017868313e-02
4.000000000000000000e+01 5.325595943751682687e-02
4.100000000000000000e+01 5.028715408211336529e-02
4.200000000000000000e+01 4.759745957131832766e-02
4.300000000000000000e+01 4.718084678346911448e-02
4.400000000000000000e+01 4.638273504818012094e-02
4.500000000000000000e+01 4.563959063609329680e-02
4.600000000000000000e+01 4.550080797020832762e-02
4.700000000000000000e+01 4.522678216370852600e-02
4.800000000000000000e+01 4.495251013628535214e-02
4.900000000000000000e+01 4.462690283396966023e-02
5.000000000000000000e+01 4.434207804908338324e-02
5.100000000000000000e+01 4.408902280096326648e-02
5.200000000000000000e+01 4.394281995494098148e-02
5.300000000000000000e+01 4.388957943507554305e-02
5.400000000000000000e+01 4.378172840273171496e-02
5.500000000000000000e+01 4.373593228636461078e-02
5.600000000000000000e+01 4.366072745152676376e-02
5.700000000000000000e+01 4.359837761670411205e-02
5.800000000000000000e+01 4.349683022825114043e-02
5.900000000000000000e+01 4.334789893761140100e-02
6.000000000000000000e+01 4.312927617149162757e-02
6.100000000000000000e+01 4.308171896277093738e-02
6.200000000000000000e+01 4.298272173158501630e-02
6.300000000000000000e+01 4.293018704290281484e-02
6.400000000000000000e+01 4.288761193018044565e-02
6.500000000000000000e+01 4.284083947430849387e-02
6.600000000000000000e+01 4.281764060305455477e-02
6.700000000000000000e+01 4.279484884798866878e-02
6.800000000000000000e+01 4.277650067432932357e-02
6.900000000000000000e+01 4.276011286818360430e-02
7.000000000000000000e+01 4.272003327154864916e-02
7.100000000000000000e+01 4.269078281039900835e-02
7.200000000000000000e+01 4.265641361211862381e-02
7.300000000000000000e+01 4.264166153947604454e-02
7.400000000000000000e+01 4.262424581386275307e-02
7.500000000000000000e+01 4.261220190489073412e-02
7.600000000000000000e+01 4.259521791861395346e-02
7.700000000000000000e+01 4.257614016563171511e-02
7.800000000000000000e+01 4.255993606958954206e-02
7.900000000000000000e+01 4.255033485413328015e-02
8.000000000000000000e+01 4.252567844720236967e-02
8.100000000000000000e+01 4.251704741995784853e-02
8.200000000000000000e+01 4.249739614046847691e-02
8.300000000000000000e+01 4.247190388852889464e-02
8.400000000000000000e+01 4.243473416814885768e-02
8.500000000000000000e+01 4.239732419742239106e-02
8.600000000000000000e+01 4.236905083463565758e-02
8.700000000000000000e+01 4.235859964483205953e-02
8.800000000000000000e+01 4.233146330699683046e-02
8.900000000000000000e+01 4.231674574004881673e-02
9.000000000000000000e+01 4.229952339188430832e-02
9.100000000000000000e+01 4.226763792307319106e-02
9.200000000000000000e+01 4.224740475827466757e-02
9.300000000000000000e+01 4.222021194212536438e-02
9.400000000000000000e+01 4.221078019354260885e-02
9.500000000000000000e+01 4.220733735445330453e-02
9.600000000000000000e+01 4.220089668760259455e-02
9.700000000000000000e+01 4.219951103516735719e-02
9.800000000000000000e+01 4.218906004802480680e-02
9.900000000000000000e+01 4.218281388030771517e-02
1.000000000000000000e+02 4.217050387478829543e-02
1.010000000000000000e+02 4.214996917461765608e-02
1.020000000000000000e+02 4.213342806657067313e-02
1.030000000000000000e+02 4.211172125129897248e-02
1.040000000000000000e+02 4.210819145185512591e-02
1.050000000000000000e+02 4.210205284668391834e-02
1.060000000000000000e+02 4.209740305587365838e-02
1.070000000000000000e+02 4.209112075696383459e-02
1.080000000000000000e+02 4.206805501461804986e-02
1.090000000000000000e+02 4.204469433269659995e-02
1.100000000000000000e+02 4.198882326593531000e-02
1.110000000000000000e+02 4.192813700744395244e-02
1.120000000000000000e+02 4.187952930825427494e-02
1.130000000000000000e+02 4.183592090115269974e-02
1.140000000000000000e+02 4.177152919818560156e-02
1.150000000000000000e+02 4.169851741991325439e-02
1.160000000000000000e+02 4.164429046643947779e-02
1.170000000000000000e+02 4.154254061000077491e-02
1.180000000000000000e+02 4.139339903006329646e-02
1.190000000000000000e+02 4.113027553357369304e-02
1.200000000000000000e+02 4.101203112086367758e-02
1.210000000000000000e+02 4.092969959909224797e-02
1.220000000000000000e+02 4.087902171881110935e-02
1.230000000000000000e+02 4.079958338434258591e-02
1.240000000000000000e+02 4.068593891136654955e-02
1.250000000000000000e+02 4.057254776897131071e-02
1.260000000000000000e+02 4.052065091602875119e-02
1.270000000000000000e+02 4.045264655374192914e-02
1.280000000000000000e+02 4.043294748806116473e-02
1.290000000000000000e+02 4.034866069687329665e-02
1.300000000000000000e+02 4.029227934739140066e-02
1.310000000000000000e+02 4.021792167469159796e-02
1.320000000000000000e+02 4.011848140442647592e-02
1.330000000000000000e+02 3.999091482948874399e-02
1.340000000000000000e+02 3.986371711887428532e-02
1.350000000000000000e+02 3.976623020876494247e-02
1.360000000000000000e+02 3.970128770534615131e-02
1.370000000000000000e+02 3.963146104637364081e-02
1.380000000000000000e+02 3.956113903568762163e-02
1.390000000000000000e+02 3.947198502460771974e-02
1.400000000000000000e+02 3.942094832882416661e-02
1.410000000000000000e+02 3.936143714623571710e-02
1.420000000000000000e+02 3.928743705978132716e-02
1.430000000000000000e+02 3.922221963077428264e-02
1.440000000000000000e+02 3.914641414802267488e-02
1.450000000000000000e+02 3.906411803535274341e-02
1.460000000000000000e+02 3.901172547324948531e-02
1.470000000000000000e+02 3.890726849603166199e-02
1.480000000000000000e+02 3.888633284901205078e-02
1.490000000000000000e+02 3.886751981874537326e-02
1.500000000000000000e+02 3.884241351291334993e-02
1.510000000000000000e+02 3.882141768190378733e-02
1.520000000000000000e+02 3.881010973956618149e-02
1.530000000000000000e+02 3.879873909957068379e-02
1.540000000000000000e+02 3.878867489322571083e-02
1.550000000000000000e+02 3.877737419347665471e-02
1.560000000000000000e+02 3.875502556770767104e-02
1.570000000000000000e+02 3.871582328640497256e-02
1.580000000000000000e+02 3.869912427274899147e-02
1.590000000000000000e+02 3.864916878798548006e-02
1.600000000000000000e+02 3.862335508898823155e-02
1.610000000000000000e+02 3.858502588868392702e-02
1.620000000000000000e+02 3.851290656052271805e-02
1.630000000000000000e+02 3.842610990323643005e-02
1.640000000000000000e+02 3.831567532586179631e-02
1.650000000000000000e+02 3.815514289853595004e-02
1.660000000000000000e+02 3.801330408833623192e-02
1.670000000000000000e+02 3.787444048570807326e-02
1.680000000000000000e+02 3.759181716664136697e-02
1.690000000000000000e+02 3.704656702018190029e-02
1.700000000000000000e+02 3.675519769863062891e-02
1.710000000000000000e+02 3.637165359999829789e-02
1.720000000000000000e+02 3.595577838094133477e-02
1.730000000000000000e+02 3.571815146676395741e-02
1.740000000000000000e+02 3.553141511468405067e-02
1.750000000000000000e+02 3.546640023324101193e-02
1.760000000000000000e+02 3.537010603616747018e-02
1.770000000000000000e+02 3.527016768926079932e-02
1.780000000000000000e+02 3.512801162337048089e-02
1.790000000000000000e+02 3.500738028958708808e-02
1.800000000000000000e+02 3.478498559461322415e-02
1.810000000000000000e+02 3.462854726190497945e-02
1.820000000000000000e+02 3.455287916999794789e-02
1.830000000000000000e+02 3.452126729949293871e-02
1.840000000000000000e+02 3.450263725301955242e-02
1.850000000000000000e+02 3.447936587032150030e-02
1.860000000000000000e+02 3.443831021932779179e-02
1.870000000000000000e+02 3.441980906133478013e-02
1.880000000000000000e+02 3.439319984493684201e-02
1.890000000000000000e+02 3.433665658577798180e-02
1.900000000000000000e+02 3.429067011888985855e-02
1.910000000000000000e+02 3.423155358709174118e-02
1.920000000000000000e+02 3.421596853998253723e-02
1.930000000000000000e+02 3.420348900226448385e-02
1.940000000000000000e+02 3.419637921146007065e-02
1.950000000000000000e+02 3.418131804532373308e-02
1.960000000000000000e+02 3.415928438949327600e-02
1.970000000000000000e+02 3.414595724880675753e-02
1.980000000000000000e+02 3.412098341128814993e-02
1.990000000000000000e+02 3.409939302284159535e-02
2.000000000000000000e+02 3.407957954197427669e-02
2.010000000000000000e+02 3.405533347577675146e-02
2.020000000000000000e+02 3.402709991880623064e-02
2.030000000000000000e+02 3.400257901885508915e-02
2.040000000000000000e+02 3.397772558714337587e-02
2.050000000000000000e+02 3.396056052344382375e-02
2.060000000000000000e+02 3.392467700425354227e-02
2.070000000000000000e+02 3.390933432940329562e-02
2.080000000000000000e+02 3.389726101111065204e-02
2.090000000000000000e+02 3.387987763593949125e-02
2.100000000000000000e+02 3.386834889074818306e-02
2.110000000000000000e+02 3.385636386939300940e-02
2.120000000000000000e+02 3.384354414545061307e-02
2.130000000000000000e+02 3.383094848668680849e-02
2.140000000000000000e+02 3.381800899749613787e-02
2.150000000000000000e+02 3.380149287345567827e-02
2.160000000000000000e+02 3.379415741853968730e-02
2.170000000000000000e+02 3.378732962736799572e-02
2.180000000000000000e+02 3.377826369565305881e-02
2.190000000000000000e+02 3.376702108818779857e-02
2.200000000000000000e+02 3.376051106264146145e-02
2.210000000000000000e+02 3.375421455156338291e-02
2.220000000000000000e+02 3.375234201689621821e-02
2.230000000000000000e+02 3.374851823673084839e-02
2.240000000000000000e+02 3.374680494099174810e-02
2.250000000000000000e+02 3.374472446789834185e-02
2.260000000000000000e+02 3.374094811778517722e-02
2.270000000000000000e+02 3.373915397993505760e-02
2.280000000000000000e+02 3.373563638139741999e-02
2.290000000000000000e+02 3.373284068912323075e-02
2.300000000000000000e+02 3.372983885754005789e-02
2.310000000000000000e+02 3.372704660990326342e-02
2.320000000000000000e+02 3.372383373076772578e-02
2.330000000000000000e+02 3.372114049887516007e-02
2.340000000000000000e+02 3.371637411897551728e-02
2.350000000000000000e+02 3.371425624321356534e-02
2.360000000000000000e+02 3.370976474887230068e-02
2.370000000000000000e+02 3.370518559494746491e-02
2.380000000000000000e+02 3.370121297535325078e-02
2.390000000000000000e+02 3.369654063607476630e-02
2.400000000000000000e+02 3.369318392669935769e-02
2.410000000000000000e+02 3.368955348871796596e-02
2.420000000000000000e+02 3.368506724797173946e-02
2.430000000000000000e+02 3.367967592113771391e-02
2.440000000000000000e+02 3.367060344520432513e-02
2.450000000000000000e+02 3.365810892787821085e-02
2.460000000000000000e+02 3.364688414096006497e-02
2.470000000000000000e+02 3.363159979960643475e-02
2.480000000000000000e+02 3.361921212265673448e-02
2.490000000000000000e+02 3.360199288784692512e-02
2.500000000000000000e+02 3.357182732302723543e-02
2.510000000000000000e+02 3.355070077771381970e-02
2.520000000000000000e+02 3.352921196159359268e-02
2.530000000000000000e+02 3.349562824807468531e-02
2.540000000000000000e+02 3.347683856890657644e-02
2.550000000000000000e+02 3.345232206672812958e-02
2.560000000000000000e+02 3.343456235251067443e-02
2.570000000000000000e+02 3.342297309896536534e-02
2.580000000000000000e+02 3.341283688200515078e-02
2.590000000000000000e+02 3.340047663104332709e-02
2.600000000000000000e+02 3.338268752763215441e-02
2.610000000000000000e+02 3.336610320402877417e-02
2.620000000000000000e+02 3.334465944368995849e-02
2.630000000000000000e+02 3.332447434700542416e-02
2.640000000000000000e+02 3.330564978253383601e-02
2.650000000000000000e+02 3.329033442043834168e-02
2.660000000000000000e+02 3.326784023007964275e-02
2.670000000000000000e+02 3.325156703970320177e-02
2.680000000000000000e+02 3.323328217778336036e-02
2.690000000000000000e+02 3.321462506389374902e-02
2.700000000000000000e+02 3.319308473929431097e-02
2.710000000000000000e+02 3.314712830108086650e-02
2.720000000000000000e+02 3.310712591038556668e-02
2.730000000000000000e+02 3.307312701627564827e-02
2.740000000000000000e+02 3.304716236140850527e-02
2.750000000000000000e+02 3.301344049426221255e-02
2.760000000000000000e+02 3.297287559891931563e-02
2.770000000000000000e+02 3.293180082129303771e-02
2.780000000000000000e+02 3.290886408262576335e-02
2.790000000000000000e+02 3.286361210289918955e-02
2.800000000000000000e+02 3.284472831606041754e-02
2.810000000000000000e+02 3.283423940519814704e-02
2.820000000000000000e+02 3.281990266741652978e-02
2.830000000000000000e+02 3.280849096144797944e-02
2.840000000000000000e+02 3.280150134372405990e-02
2.850000000000000000e+02 3.279339709023394028e-02
2.860000000000000000e+02 3.278247065871826155e-02
2.870000000000000000e+02 3.277643633379578175e-02
2.880000000000000000e+02 3.276771229805962998e-02
2.890000000000000000e+02 3.275955973472232524e-02
2.900000000000000000e+02 3.274967786927665547e-02
2.910000000000000000e+02 3.274852366310022217e-02
2.920000000000000000e+02 3.273953414980203952e-02
2.930000000000000000e+02 3.273774236045087077e-02
2.940000000000000000e+02 3.273511707069420157e-02
2.950000000000000000e+02 3.273174446715241409e-02
2.960000000000000000e+02 3.272827582527626511e-02
2.970000000000000000e+02 3.272526586323130926e-02
2.980000000000000000e+02 3.272352041027493802e-02
2.990000000000000000e+02 3.272241672211313734e-02
3.000000000000000000e+02 3.272062711522985556e-02
3.010000000000000000e+02 3.271730580714498487e-02
3.020000000000000000e+02 3.271504100547460020e-02
3.030000000000000000e+02 3.271249284760919390e-02
3.040000000000000000e+02 3.271031499245487945e-02
3.050000000000000000e+02 3.270761427728925003e-02
3.060000000000000000e+02 3.270258214601020480e-02
3.070000000000000000e+02 3.269756067323277560e-02
3.080000000000000000e+02 3.269308307069482972e-02
3.090000000000000000e+02 3.269233043285204449e-02
3.100000000000000000e+02 3.268771935551013919e-02
3.110000000000000000e+02 3.268634208296353205e-02
