1.000000000000000000e+00 2.651370372547864340e-01
2.000000000000000000e+00 2.519551288026970481e-01
3.000000000000000000e+00 2.441127901787489007e-01
4.000000000000000000e+00 2.424571658359898352e-01
5.000000000000000000e+00 2.413357868163844566e-01
6.000000000000000000e+00 2.401878961671706780e-01
7.000000000000000000e+00 2.389583436261652205e-01
8.000000000000000000e+00 2.380307346405264868e-01
9.000000000000000000e+00 2.377613010262870641e-01
1.000000000000000000e+01 2.375980354692340812e-01
1.100000000000000000e+01 2.372637308291599689e-01
1.200000000000000000e+01 2.367044003769325500e-01
1.300000000000000000e+01 2.363778031790556289e-01
1.400000000000000000e+01 2.361524276504392006e-01
1.500000000000000000e+01 2.360069272577919042e-01
1.600000000000000000e+01 2.357706879742307027e-01
1.700000000000000000e+01 2.354368199618369906e-01
1.800000000000000000e+01 2.351238620928816636e-01
1.900000000000000000e+01 2.349248703237450664e-01
2.000000000000000000e+01 2.348975891966414709e-01
2.100000000000000000e+01 2.347649872293860740e-01
2.200000000000000000e+01 2.345386096951869448e-01
2.300000000000000000e+01 2.344207190298423504e-01
2.400000000000000000e+01 2.342526376946429401e-01
2.500000000000000000e+01 2.341236145094731935e-01
2.600000000000000000e+01 2.339001049032437829e-01
2.700000000000000000e+01 2.336503305795146479e-01
2.800000000000000000e+01 2.335604682065571813e-01
2.900000000000000000e+01 2.334551060794687882e-01
3.000000000000000000e+01 2.334229783581281414e-01
3.100000000000000000e+01 2.333617007895246453e-01
3.200000000000000000e+01 2.333492524181167704e-01
3.300000000000000000e+01 2.333165689035387735e-01
3.400000000000000000e+01 2.332736830898039793e-01
3.500000000000000000e+01 2.331958166061755822e-01
3.600000000000000000e+01 2.331549184901699212e-01
3.700000000000000000e+01 2.330891623830835258e-01
3.800000000000000000e+01 2.328906550141937315e-01
3.900000000000000000e+01 2.328397925043320105e-01
4.000000000000000000e+01 2.324285438849331975e-01
4.100000000000000000e+01 2.318001700869017634e-01
4.200000000000000000e+01 2.314772290334405624e-01
4.300000000000000000e+01 2.313273079456933112e-01
4.400000000000000000e+01 2.310604547781160145e-01
4.500000000000000000e+01 2.309074510814188574e-01
4.600000000000000000e+01 2.284050619808151439e-01
4.700000000000000000e+01 2.283089187585384261e-01
4.800000000000000000e+01 2.269537644881902960e-01
4.900000000000000000e+01 2.253741721651279228e-01
5.000000000000000000e+01 2.241079130641321915e-01
5.100000000000000000e+01 2.224119305817842396e-01
5.200000000000000000e+01 2.216811388682357331e-01
5.300000000000000000e+01 2.212181769782817775e-01
5.400000000000000000e+01 2.201146307397751634e-01
5.500000000000000000e+01 2.190424802980631414e-01
5.600000000000000000e+01 2.187305998123648398e-01
5.700000000000000000e+01 2.184662271068066042e-01
5.800000000000000000e+01 2.182697580284946037e-01
5.900000000000000000e+01 2.179699517746468695e-01
6.000000000000000000e+01 2.178438732133335110e-01
6.100000000000000000e+01 2.176639750287945041e-01
6.200000000000000000e+01 2.175117666095090496e-01
6.300000000000000000e+01 2.174227845993271235e-01
6.400000000000000000e+01 2.172969321327651859e-01
6.500000000000000000e+01 2.172747887959364244e-01
6.600000000000000000e+01 2.172527930974323951e-01
6.700000000000000000e+01 2.172449297425362025e-01
6.800000000000000000e+01 2.172391092660208023e-01
6.900000000000000000e+01 2.172317118744942765e-01
7.000000000000000000e+01 2.172257664548074008e-01
7.100000000000000000e+01 2.172222751750849390e-01
7.200000000000000000e+01 2.172157557233005964e-01
7.300000000000000000e+01 2.172114103459221457e-01
7.400000000000000000e+01 2.172083811290310140e-01
7.500000000000000000e+01 2.172063303480342988e-01
7.600000000000000000e+01 2.172060132185353876e-01
7.700000000000000000e+01 2.172058824787251319e-01
7.800000000000000000e+01 2.172057999538831163e-01
7.900000000000000000e+01 2.172055000657598933e-01
8.000000000000000000e+01 2.172053377029821708e-01
8.100000000000000000e+01 2.172051836467459585e-01
8.200000000000000000e+01 2.172050677604532853e-01
8.300000000000000000e+01 2.172049610464755753e-01
8.400000000000000000e+01 2.172048671294530275e-01
8.500000000000000000e+01 2.172047073177152121e-01
8.600000000000000000e+01 2.172046647616594495e-01
8.700000000000000000e+01 2.172045949527619257e-01
8.800000000000000000e+01 2.172044741817847346e-01
8.900000000000000000e+01 2.172043882310485952e-01
9.000000000000000000e+01 2.172042109305236945e-01
9.100000000000000000e+01 2.172041005790149582e-01
9.200000000000000000e+01 2.172040529352235461e-01
9.300000000000000000e+01 2.172040243528670367e-01
9.400000000000000000e+01 2.172038782712236160e-01
9.500000000000000000e+01 2.172036046714228563e-01
9.600000000000000000e+01 2.172033556447272029e-01
9.700000000000000000e+01 2.172029135118781762e-01
9.800000000000000000e+01 2.172025994627235779e-01
9.900000000000000000e+01 2.172022621653319774e-01
1.000000000000000000e+02 2.172013483837819392e-01
1.010000000000000000e+02 2.172003654576894482e-01
1.020000000000000000e+02 2.171998478664427246e-01
1.030000000000000000e+02 2.171978533730669625e-01
1.040000000000000000e+02 2.171950886932376146e-01
1.050000000000000000e+02 2.171930843010382861e-01
1.060000000000000000e+02 2.171919913965669469e-01
1.070000000000000000e+02 2.171908039974722315e-01
1.080000000000000000e+02 2.171884499355674347e-01
1.090000000000000000e+02 2.171859374118667307e-01
1.100000000000000000e+02 2.171848963580897407e-01
1.110000000000000000e+02 2.171838627294070401e-01
1.120000000000000000e+02 2.171833625611862828e-01
1.130000000000000000e+02 2.171821474966188215e-01
1.140000000000000000e+02 2.171799220709885181e-01
1.150000000000000000e+02 2.171793892976864870e-01
1.160000000000000000e+02 2.171788637290945345e-01
1.170000000000000000e+02 2.171786708737160065e-01
1.180000000000000000e+02 2.171785249806746088e-01
1.190000000000000000e+02 2.171784369303488005e-01
1.200000000000000000e+02 2.171783254962617038e-01
1.210000000000000000e+02 2.171782123698245137e-01
1.220000000000000000e+02 2.171781544110183704e-01
1.230000000000000000e+02 2.171781117765102243e-01
1.240000000000000000e+02 2.171780427226020771e-01
1.250000000000000000e+02 2.171779546561717900e-01
1.260000000000000000e+02 2.171778863588537389e-01
1.270000000000000000e+02 2.171778553536714840e-01
1.280000000000000000e+02 2.171778455726568191e-01
1.290000000000000000e+02 2.171778373712661969e-01
1.300000000000000000e+02 2.171778332694406788e-01
1.310000000000000000e+02 2.171778271882089661e-01
1.320000000000000000e+02 2.171778216342184764e-01
