1.000000000000000000e+00 2.950834117296554648e-01
2.000000000000000000e+00 2.264701511841881454e-01
3.000000000000000000e+00 1.792571414474267988e-01
4.000000000000000000e+00 1.584904492436215451e-01
5.000000000000000000e+00 1.372926148995016471e-01
6.000000000000000000e+00 1.059916609856061120e-01
7.000000000000000000e+00 9.712486084569463274e-02
8.000000000000000000e+00 9.311768628552757887e-02
9.000000000000000000e+00 9.249155517381320302e-02
1.000000000000000000e+01 9.188110749730164784e-02
1.100000000000000000e+01 8.878269117092733864e-02
1.200000000000000000e+01 8.751912709528233969e-02
1.300000000000000000e+01 8.672952235274826449e-02
1.400000000000000000e+01 8.606881852628305019e-02
1.500000000000000000e+01 8.396170808664478458e-02
1.600000000000000000e+01 8.339915179164807124e-02
1.700000000000000000e+01 8.314702139679953918e-02
1.800000000000000000e+01 8.279596537909542087e-02
1.900000000000000000e+01 8.204405702432363001e-02
2.000000000000000000e+01 8.089041638369137699e-02
2.100000000000000000e+01 7.926374518446514805e-02
2.200000000000000000e+01 7.849542626480088270e-02
2.300000000000000000e+01 7.797399910883458241e-02
2.400000000000000000e+01 7.706602209414042948e-02
2.500000000000000000e+01 7.670747436894720384e-02
2.600000000000000000e+01 7.648050577632148350e-02
2.700000000000000000e+01 7.640658480064818625e-02
2.800000000000000000e+01 7.632918949452986712e-02
2.900000000000000000e+01 7.623479541615582611e-02
3.000000000000000000e+01 7.617276659855148901e-02
3.100000000000000000e+01 7.611341732478504873e-02
3.200000000000000000e+01 7.598132246847799642e-02
3.300000000000000000e+01 7.584157917793037107e-02
3.400000000000000000e+01 7.573537276275715824e-02
3.500000000000000000e+01 7.565698681030742778e-02
3.600000000000000000e+01 7.560230991465960448e-02
3.700000000000000000e+01 7.554701197199548135e-02
3.800000000000000000e+01 7.547330189290768487e-02
3.900000000000000000e+01 7.530633519487611727e-02
4.000000000000000000e+01 7.508425881913220745e-02
4.100000000000000000e+01 7.491012821663098342e-02
4.200000000000000000e+01 7.473459023566016157e-02
4.300000000000000000e+01 7.463741708519147644e-02
4.400000000000000000e+01 7.456362019194920365e-02
4.500000000000000000e+01 7.450696196367624646e-02
4.600000000000000000e+01 7.447595276338345172e-02
4.700000000000000000e+01 7.445047193440709754e-02
4.800000000000000000e+01 7.442986809080792687e-02
4.900000000000000000e+01 7.436515779670745119e-02
5.000000000000000000e+01 7.429139096793825614e-02
5.100000000000000000e+01 7.420947044649418844e-02
5.200000000000000000e+01 7.406888848173706630e-02
5.300000000000000000e+01 7.391579083842200748e-02
5.400000000000000000e+01 7.380568393108812020e-02
5.500000000000000000e+01 7.371189649934060950e-02
5.600000000000000000e+01 7.367548697831000082e-02
5.700000000000000000e+01 7.362387677070555969e-02
5.800000000000000000e+01 7.358755840202273191e-02
5.900000000000000000e+01 7.353839047530615070e-02
6.000000000000000000e+01 7.350983159175591974e-02
6.100000000000000000e+01 7.346110197947446074e-02
6.200000000000000000e+01 7.331251084994484801e-02
6.300000000000000000e+01 7.324334923479350334e-02
6.400000000000000000e+01 7.315628999195943061e-02
6.500000000000000000e+01 7.313347803107748957e-02
6.600000000000000000e+01 7.309531240333880242e-02
6.700000000000000000e+01 7.304432230513514812e-02
6.800000000000000000e+01 7.300961779507143812e-02
6.900000000000000000e+01 7.295474807203648770e-02
7.000000000000000000e+01 7.265746116596974447e-02
7.100000000000000000e+01 7.262109828649448984e-02
7.200000000000000000e+01 7.249626686250688901e-02
7.300000000000000000e+01 7.244829089124350807e-02
7.400000000000000000e+01 7.235546282332007417e-02
7.500000000000000000e+01 7.222368962748804133e-02
7.600000000000000000e+01 7.208465227412098886e-02
7.700000000000000000e+01 7.200075136660069597e-02
7.800000000000000000e+01 7.195783461896061717e-02
7.900000000000000000e+01 7.192188547834085788e-02
8.000000000000000000e+01 7.190540335119698090e-02
8.100000000000000000e+01 7.187177595874062741e-02
8.200000000000000000e+01 7.183345588138623228e-02
8.300000000000000000e+01 7.180337818245616233e-02
8.400000000000000000e+01 7.177751264033674361e-02
8.500000000000000000e+01 7.174347328661957734e-02
8.600000000000000000e+01 7.171549240865138231e-02
8.700000000000000000e+01 7.167080660739143239e-02
8.800000000000000000e+01 7.159251237514020760e-02
8.900000000000000000e+01 7.148731690475169931e-02
9.000000000000000000e+01 7.139831539342644806e-02
9.100000000000000000e+01 7.126260843713974613e-02
9.200000000000000000e+01 7.098533087122184393e-02
9.300000000000000000e+01 7.089166360101079034e-02
9.400000000000000000e+01 7.061769987007078531e-02
9.500000000000000000e+01 7.051229889418987595e-02
9.600000000000000000e+01 7.028960291543023819e-02
9.700000000000000000e+01 7.019305176527629309e-02
9.800000000000000000e+01 7.011654894341257105e-02
9.900000000000000000e+01 7.007723342701756286e-02
1.000000000000000000e+02 6.998891633737398810e-02
1.010000000000000000e+02 6.991855475101123318e-02
1.020000000000000000e+02 6.984859005189596182e-02
1.030000000000000000e+02 6.978157007783804266e-02
1.040000000000000000e+02 6.972193387864505931e-02
1.050000000000000000e+02 6.967204692402945154e-02
1.060000000000000000e+02 6.963624809679816452e-02
1.070000000000000000e+02 6.961409833760705268e-02
1.080000000000000000e+02 6.957741806585140965e-02
1.090000000000000000e+02 6.955716954906149274e-02
1.100000000000000000e+02 6.949618116042029226e-02
1.110000000000000000e+02 6.928570401261376077e-02
1.120000000000000000e+02 6.910220511057282855e-02
1.130000000000000000e+02 6.889801232693566757e-02
1.140000000000000000e+02 6.859706413197669272e-02
1.150000000000000000e+02 6.840107569163056400e-02
1.160000000000000000e+02 6.811310813249665808e-02
1.170000000000000000e+02 6.788061343676579651e-02
1.180000000000000000e+02 6.756304999563961244e-02
1.190000000000000000e+02 6.704991924798844871e-02
1.200000000000000000e+02 6.623981323662582466e-02
1.210000000000000000e+02 6.594734398063695213e-02
1.220000000000000000e+02 6.545585289531294371e-02
1.230000000000000000e+02 6.500506800327318646e-02
1.240000000000000000e+02 6.465139489678864426e-02
1.250000000000000000e+02 6.449296054429258518e-02
1.260000000000000000e+02 6.434404326982293143e-02
1.270000000000000000e+02 6.416547593347475542e-02
1.280000000000000000e+02 6.406353675351660060e-02
1.290000000000000000e+02 6.399749468902340976e-02
1.300000000000000000e+02 6.388051409829030580e-02
1.310000000000000000e+02 6.377173785411431595e-02
1.320000000000000000e+02 6.362634358866696427e-02
1.330000000000000000e+02 6.357274109462272838e-02
1.340000000000000000e+02 6.352701983369904437e-02
1.350000000000000000e+02 6.347717752838455407e-02
1.360000000000000000e+02 6.343961934345147824e-02
1.370000000000000000e+02 6.342347198862938185e-02
1.380000000000000000e+02 6.337145593793466758e-02
1.390000000000000000e+02 6.327270472516505206e-02
1.400000000000000000e+02 6.320025467616080528e-02
1.410000000000000000e+02 6.307865828882575077e-02
1.420000000000000000e+02 6.291896120281831317e-02
1.430000000000000000e+02 6.283600576487724521e-02
1.440000000000000000e+02 6.274772979120865624e-02
1.450000000000000000e+02 6.267745862396539858e-02
1.460000000000000000e+02 6.260960909550100650e-02
1.470000000000000000e+02 6.257836686262055470e-02
1.480000000000000000e+02 6.253632097048950067e-02
1.490000000000000000e+02 6.250222124249736610e-02
1.500000000000000000e+02 6.246081064010167855e-02
1.510000000000000000e+02 6.244917351693590052e-02
1.520000000000000000e+02 6.240097009908249920e-02
1.530000000000000000e+02 6.237559090965764941e-02
1.540000000000000000e+02 6.234514976785263118e-02
1.550000000000000000e+02 6.228978761995256075e-02
1.560000000000000000e+02 6.217684217614362352e-02
1.570000000000000000e+02 6.212178037311361783e-02
1.580000000000000000e+02 6.200622708841337094e-02
