4.067118046783968488e-01
1.261611952679136672e-01
8.554107895344360557e-01
8.818548359328750585e-01
5.610012857139563824e-02
-8.067746211719872829e-02
1.206263990484193749e-01
9.488926389323770749e-01
6.931058540334102958e-01
-7.818450739321617382e-01
1.248469036670910581e+00
1.288363021230096939e+00
-4.248006894742242245e-01
5.787098325366653029e-01
1.697497128807429423e+00
6.438336968466551458e-02
-7.192416194705972821e-01
7.361290023220734557e-01
9.673974814529346933e-01
8.170418730321121759e-01
-6.655455281618624097e-01
6.698106430008231582e-01
4.773886932924326643e-01
-8.083385230490469642e-02
-1.968638536808380857e-01
1.293536434239504596e+00
5.125406515233205118e-01
-1.972588802384051265e-01
8.966435744439966715e-01
6.429391577612196818e-01
-3.912811853369791981e-01
1.039394187263706248e+00
7.663917835017081126e-01
5.611861004100466843e-01
4.879149977683237133e-02
1.180623195533889280e+00
4.843281104386715219e-01
6.179590681272243424e-01
6.229411450873342249e-01
1.882963891673647971e+00
-1.072955643596873454e+00
1.504201678405096276e-01
1.165595485889780569e+00
1.097651452903724428e-01
-2.167592247173085740e-01
-2.057652032182695490e-02
5.084558219312032001e-01
3.345923787674416616e-02
