-7.606685841804117221e-01
-1.612256682027510379e+00
8.776002239090030521e-01
-1.075038659846088818e+00
4.056519102353170481e-01
6.812848538102380669e-01
-2.460559610131773101e-01
8.877751938577106428e-01
6.119523687170832504e-01
8.348547621552532272e-01
-9.976823735349308331e-01
-4.940645950101589523e-02
-7.815178759963634092e-02
-3.363461689604211463e-02
5.247397935621227472e-01
7.630737238183386006e-01
-4.112753876398634323e-01
6.320236743031636406e-01
1.059275302876844065e-02
-2.913160285383379344e-01
5.591293980337748160e-01
3.570854838319945102e-02
2.015914851130967411e-01
2.922945799446878823e-01
4.781347695124231745e-01
-4.925642390004505988e-02
3.307863088784450678e-01
3.066999550226483517e-01
1.181780767659619535e-01
2.624721252651581599e-02
1.634080341366009326e-01
2.900247995536699430e-01
