1.000000000000000000e+00 2.774213854778864730e-01
2.000000000000000000e+00 2.403601427052012018e-01
3.000000000000000000e+00 2.064298131974483530e-01
4.000000000000000000e+00 1.816111335803997362e-01
5.000000000000000000e+00 1.701300524182428608e-01
6.000000000000000000e+00 1.418634209129854273e-01
7.000000000000000000e+00 1.304515969652818574e-01
8.000000000000000000e+00 1.195241372641793060e-01
9.000000000000000000e+00 1.142263656764364171e-01
1.000000000000000000e+01 1.087716209137144091e-01
1.100000000000000000e+01 1.049069643256296536e-01
1.200000000000000000e+01 1.008325701115826839e-01
1.300000000000000000e+01 9.685126100103984281e-02
1.400000000000000000e+01 9.257228687100538256e-02
1.500000000000000000e+01 8.981326452232807345e-02
1.600000000000000000e+01 8.758387491185574969e-02
1.700000000000000000e+01 8.545708141320453033e-02
1.800000000000000000e+01 8.174954990606746186e-02
1.900000000000000000e+01 7.955819730850058336e-02
2.000000000000000000e+01 7.689926212950717876e-02
2.100000000000000000e+01 7.415783573277560936e-02
2.200000000000000000e+01 7.233677007515548762e-02
2.300000000000000000e+01 7.110371239030570389e-02
2.400000000000000000e+01 6.974985778979593543e-02
2.500000000000000000e+01 6.777412958408812749e-02
2.600000000000000000e+01 6.611245994032353968e-02
2.700000000000000000e+01 6.441366626939831752e-02
2.800000000000000000e+01 6.103316859341245681e-02
2.900000000000000000e+01 5.881948825292589167e-02
3.000000000000000000e+01 5.420189219600526909e-02
3.100000000000000000e+01 5.265262044486803544e-02
3.200000000000000000e+01 5.077603971548068362e-02
3.300000000000000000e+01 4.839820492174948946e-02
3.400000000000000000e+01 4.537692183428514853e-02
3.500000000000000000e+01 4.392881821682309562e-02
3.600000000000000000e+01 4.345832919703109670e-02
3.700000000000000000e+01 4.206577527897210900e-02
3.800000000000000000e+01 4.179337055574694482e-02
3.900000000000000000e+01 4.125120649990086236e-02
4.000000000000000000e+01 4.094915361966610517e-02
4.100000000000000000e+01 4.057912109848458432e-02
4.200000000000000000e+01 3.947843154176686881e-02
4.300000000000000000e+01 3.819477050342265367e-02
4.400000000000000000e+01 3.735916941038650019e-02
4.500000000000000000e+01 3.625733500704404755e-02
4.600000000000000000e+01 3.567688853750035360e-02
4.700000000000000000e+01 3.531080583387520566e-02
4.800000000000000000e+01 3.477258798229720255e-02
4.900000000000000000e+01 3.428437121684229510e-02
5.000000000000000000e+01 3.410799873329766613e-02
5.100000000000000000e+01 3.376873129452215988e-02
5.200000000000000000e+01 3.330805560249298913e-02
5.300000000000000000e+01 3.261238261563501745e-02
5.400000000000000000e+01 3.219453797937466694e-02
5.500000000000000000e+01 3.195204381264978022e-02
5.600000000000000000e+01 3.173620020064454872e-02
5.700000000000000000e+01 3.159391934957147402e-02
5.800000000000000000e+01 3.132458942596569318e-02
5.900000000000000000e+01 3.090082672915796941e-02
6.000000000000000000e+01 3.076909826247537644e-02
6.100000000000000000e+01 3.036246784589386946e-02
6.200000000000000000e+01 3.006720049490420321e-02
6.300000000000000000e+01 2.967855880279627462e-02
6.400000000000000000e+01 2.912461921263873044e-02
6.500000000000000000e+01 2.854632768607119619e-02
6.600000000000000000e+01 2.819737008204018652e-02
6.700000000000000000e+01 2.799051786072950104e-02
6.800000000000000000e+01 2.776260384419201172e-02
6.900000000000000000e+01 2.751728268369224226e-02
7.000000000000000000e+01 2.736196043675411665e-02
7.100000000000000000e+01 2.716999443280105134e-02
7.200000000000000000e+01 2.693570546246961545e-02
7.300000000000000000e+01 2.666729440962039774e-02
7.400000000000000000e+01 2.630719043560024797e-02
7.500000000000000000e+01 2.619619620368979912e-02
7.600000000000000000e+01 2.592991865456262604e-02
7.700000000000000000e+01 2.578971264739081393e-02
7.800000000000000000e+01 2.566996136649680668e-02
7.900000000000000000e+01 2.554830013976723546e-02
8.000000000000000000e+01 2.547581457304010782e-02
8.100000000000000000e+01 2.539537860853876769e-02
8.200000000000000000e+01 2.527181420326025940e-02
8.300000000000000000e+01 2.513633700113613798e-02
8.400000000000000000e+01 2.493999590893669974e-02
8.500000000000000000e+01 2.455475050688227245e-02
8.600000000000000000e+01 2.420624354776661213e-02
8.700000000000000000e+01 2.402665566514691070e-02
8.800000000000000000e+01 2.394276625758655699e-02
8.900000000000000000e+01 2.378755632104807491e-02
9.000000000000000000e+01 2.372952379264802250e-02
9.100000000000000000e+01 2.361031820408140622e-02
9.200000000000000000e+01 2.345439042291496204e-02
9.300000000000000000e+01 2.331474421417264326e-02
9.400000000000000000e+01 2.311489072200597489e-02
9.500000000000000000e+01 2.304611833142762231e-02
9.600000000000000000e+01 2.299228345874115842e-02
9.700000000000000000e+01 2.293754385051551686e-02
9.800000000000000000e+01 2.286783803452907896e-02
9.900000000000000000e+01 2.279782271126260668e-02
1.000000000000000000e+02 2.273903299966356997e-02
1.010000000000000000e+02 2.266673239302119738e-02
1.020000000000000000e+02 2.259656618597808558e-02
1.030000000000000000e+02 2.253449218399229681e-02
1.040000000000000000e+02 2.250288959418274976e-02
1.050000000000000000e+02 2.245866639453148253e-02
1.060000000000000000e+02 2.240955601517252010e-02
1.070000000000000000e+02 2.234560058750824016e-02
1.080000000000000000e+02 2.227353684204523218e-02
1.090000000000000000e+02 2.223278889803678021e-02
1.100000000000000000e+02 2.218866556719746932e-02
1.110000000000000000e+02 2.213580286746635178e-02
1.120000000000000000e+02 2.205048485513963832e-02
1.130000000000000000e+02 2.200600880185432651e-02
1.140000000000000000e+02 2.196561280130400473e-02
1.150000000000000000e+02 2.191332337194006399e-02
1.160000000000000000e+02 2.186339189511847872e-02
1.170000000000000000e+02 2.180750459315839232e-02
1.180000000000000000e+02 2.175767296049390884e-02
1.190000000000000000e+02 2.169574280520978823e-02
1.200000000000000000e+02 2.162535996216020592e-02
1.210000000000000000e+02 2.153936118502487382e-02
1.220000000000000000e+02 2.150367138910725187e-02
1.230000000000000000e+02 2.148834212858125384e-02
1.240000000000000000e+02 2.147141714525786435e-02
1.250000000000000000e+02 2.141994455376583853e-02
1.260000000000000000e+02 2.139426090614159406e-02
1.270000000000000000e+02 2.136676106258374869e-02
1.280000000000000000e+02 2.133711460329892201e-02
1.290000000000000000e+02 2.131830271626291087e-02
1.300000000000000000e+02 2.129999223509653275e-02
1.310000000000000000e+02 2.126959606286225879e-02
1.320000000000000000e+02 2.126297727528830492e-02
1.330000000000000000e+02 2.124830325352990851e-02
1.340000000000000000e+02 2.123800734183563244e-02
1.350000000000000000e+02 2.122891291803931726e-02
1.360000000000000000e+02 2.121488216272799168e-02
1.370000000000000000e+02 2.120968651381077361e-02
1.380000000000000000e+02 2.120051963577630413e-02
1.390000000000000000e+02 2.119547225515792249e-02
1.400000000000000000e+02 2.119005381030788365e-02
1.410000000000000000e+02 2.118456947915981978e-02
1.420000000000000000e+02 2.117908312341430094e-02
1.430000000000000000e+02 2.117442880305117278e-02
1.440000000000000000e+02 2.116991453668783801e-02
1.450000000000000000e+02 2.116130236587793895e-02
1.460000000000000000e+02 2.114783165365295703e-02
1.470000000000000000e+02 2.114136818488294989e-02
1.480000000000000000e+02 2.113596128980076497e-02
1.490000000000000000e+02 2.113368762281921456e-02
1.500000000000000000e+02 2.112783303747249944e-02
1.510000000000000000e+02 2.112522097897562290e-02
1.520000000000000000e+02 2.111644399877640049e-02
1.530000000000000000e+02 2.110926393888336305e-02
1.540000000000000000e+02 2.110435419633418033e-02
1.550000000000000000e+02 2.109437500596211823e-02
1.560000000000000000e+02 2.108629642040418112e-02
1.570000000000000000e+02 2.107421255076070629e-02
1.580000000000000000e+02 2.107089944284520205e-02
1.590000000000000000e+02 2.106349135773447068e-02
1.600000000000000000e+02 2.105784111802862235e-02
1.610000000000000000e+02 2.104944675847035540e-02
1.620000000000000000e+02 2.104309659689239387e-02
1.630000000000000000e+02 2.103774943016671617e-02
1.640000000000000000e+02 2.103192169466886613e-02
