1.010770422654584833e+00
1.869539841966690596e-01
8.554117103144693868e-01
2.981920213958426658e-01
3.432238200347703660e-01
-1.988615443934968474e-02
5.182827613920566456e-01
3.468486246085746294e-01
9.802282853843959920e-01
-1.991131987870452980e+00
6.703192262913174604e-01
6.863176500297416549e-01
-6.309443929164270104e-01
4.576023210607459840e-02
1.119348105407988347e+00
3.128906936582068754e-01
-3.865262525975788344e-01
2.031854806967150762e-01
1.282452795101240994e+00
1.399972831080863234e+00
-3.328298994569018898e-01
2.005715049843852960e+00
4.773910559401549625e-01
5.020960750223740776e-01
-2.022886568740658864e-01
1.328237700296615920e+00
5.125385823849838429e-01
1.664130622870309217e+00
4.818071159838945849e-01
6.776436412392073949e-01
5.216785479304751894e-01
1.166442335238821348e+00
3.515529557611766776e-01
-4.531767631549615261e-01
2.285092554962890599e-01
1.307672083318387468e+00
8.941764854976895771e-01
9.513678516835891719e-01
8.026606553100532615e-01
1.919662572996585936e+00
-3.004263663721130628e-01
4.838273008611391202e-01
-1.544333688234023338e-01
2.568286573693538966e-01
5.557672945174840784e-01
1.188245069111563135e+00
5.084568767828119285e-01
1.805248357491765487e-01
