4.381133347107428744e-01
-1.212355548613898826e+00
2.995999442491662501e-01
-4.416097867929624776e-02
2.184508168441199771e+00
-7.075733833903374848e-01
6.862261293058086187e-01
9.121249406453191266e-01
1.981335742233106378e+00
8.269012651088627486e-01
5.264654343814936244e-01
1.780672420700739333e-01
-2.377614393379383073e-01
-2.604220420616023546e-01
-1.351219245808849001e-01
7.630740573454607434e-01
9.300731191093719596e-01
1.354305046636641308e+00
-7.578141419957633573e-01
-1.063042582641024053e-01
1.221526050920649809e+00
3.381863841432007356e-01
-1.519894428685499843e+00
1.399408213523193778e+00
1.787313738326626877e+00
1.007268399349184218e+00
9.111176071803828158e-01
-9.531657678272809076e-01
1.443176908350746857e+00
-2.326592674344502232e+00
6.860598319173913939e-01
2.900244105113081727e-01
