1.000000000000000000e+00 2.391077657453831995e-01
2.000000000000000000e+00 2.255974264291369658e-01
3.000000000000000000e+00 2.164151332179873599e-01
4.000000000000000000e+00 2.120473324851048502e-01
5.000000000000000000e+00 2.087103684142417592e-01
6.000000000000000000e+00 2.061978532742198278e-01
7.000000000000000000e+00 2.043225743806002248e-01
8.000000000000000000e+00 2.029829542283339838e-01
9.000000000000000000e+00 2.020109966373605792e-01
1.000000000000000000e+01 2.011250824320980346e-01
1.100000000000000000e+01 2.008161567513486179e-01
1.200000000000000000e+01 2.005257675176990162e-01
1.300000000000000000e+01 2.003534470343824592e-01
1.400000000000000000e+01 2.002307343519431349e-01
1.500000000000000000e+01 1.999318949763978503e-01
1.600000000000000000e+01 1.996449251745433806e-01
1.700000000000000000e+01 1.993568835321846422e-01
1.800000000000000000e+01 1.992077965493667113e-01
1.900000000000000000e+01 1.991222124798436854e-01
2.000000000000000000e+01 1.990349305285371573e-01
2.100000000000000000e+01 1.987922122488360865e-01
2.200000000000000000e+01 1.987309968242521596e-01
2.300000000000000000e+01 1.985040242627398310e-01
2.400000000000000000e+01 1.983332348366916575e-01
2.500000000000000000e+01 1.981731653781221014e-01
2.600000000000000000e+01 1.980143708154772364e-01
2.700000000000000000e+01 1.978195155873237743e-01
2.800000000000000000e+01 1.976880492128544331e-01
2.900000000000000000e+01 1.975968094478670611e-01
3.000000000000000000e+01 1.974455515704945374e-01
3.100000000000000000e+01 1.971802383498955646e-01
3.200000000000000000e+01 1.969692788397074401e-01
3.300000000000000000e+01 1.968769957917531621e-01
3.400000000000000000e+01 1.967805989361325614e-01
3.500000000000000000e+01 1.967199014808146684e-01
3.600000000000000000e+01 1.966251736900353486e-01
3.700000000000000000e+01 1.964767622057900787e-01
3.800000000000000000e+01 1.964092000094663226e-01
3.900000000000000000e+01 1.962748188579500064e-01
4.000000000000000000e+01 1.962199577444291299e-01
4.100000000000000000e+01 1.961719221647461597e-01
4.200000000000000000e+01 1.961208185999787634e-01
4.300000000000000000e+01 1.960586520576216019e-01
4.400000000000000000e+01 1.959998609618509025e-01
4.500000000000000000e+01 1.959198163456496999e-01
4.600000000000000000e+01 1.958394472186685276e-01
4.700000000000000000e+01 1.957396249697292145e-01
4.800000000000000000e+01 1.956115867644538098e-01
4.900000000000000000e+01 1.955247604773254488e-01
5.000000000000000000e+01 1.954724598260415280e-01
5.100000000000000000e+01 1.954135577197469720e-01
5.200000000000000000e+01 1.953355719771215915e-01
5.300000000000000000e+01 1.951821707437524644e-01
5.400000000000000000e+01 1.950895828792484910e-01
5.500000000000000000e+01 1.949932665465589632e-01
5.600000000000000000e+01 1.947999682417902445e-01
5.700000000000000000e+01 1.947045298383173750e-01
5.800000000000000000e+01 1.946167542534395500e-01
5.900000000000000000e+01 1.943690374617260408e-01
6.000000000000000000e+01 1.941794192641922434e-01
6.100000000000000000e+01 1.940657355146177543e-01
6.200000000000000000e+01 1.939958646086901717e-01
6.300000000000000000e+01 1.938661259655441171e-01
6.400000000000000000e+01 1.936653842300058992e-01
6.500000000000000000e+01 1.933862324728504722e-01
6.600000000000000000e+01 1.931442337007393539e-01
6.700000000000000000e+01 1.925417028591284441e-01
6.800000000000000000e+01 1.921447097354401501e-01
6.900000000000000000e+01 1.917416357146730088e-01
7.000000000000000000e+01 1.910914414575803355e-01
7.100000000000000000e+01 1.907619566253348220e-01
7.200000000000000000e+01 1.901870521874836906e-01
7.300000000000000000e+01 1.893940117719274674e-01
7.400000000000000000e+01 1.879540300115800644e-01
7.500000000000000000e+01 1.862217054243026915e-01
7.600000000000000000e+01 1.853642068983814561e-01
7.700000000000000000e+01 1.824863323123211700e-01
7.800000000000000000e+01 1.818018019698244558e-01
7.900000000000000000e+01 1.811759094622150401e-01
8.000000000000000000e+01 1.801818402572069877e-01
8.100000000000000000e+01 1.793865503026104702e-01
8.200000000000000000e+01 1.780346932083873013e-01
8.300000000000000000e+01 1.776365741325093561e-01
8.400000000000000000e+01 1.770076419161573933e-01
8.500000000000000000e+01 1.766822085027076605e-01
8.600000000000000000e+01 1.759077333226574669e-01
8.700000000000000000e+01 1.753256920710797584e-01
8.800000000000000000e+01 1.744465283395998378e-01
8.900000000000000000e+01 1.735248982222760139e-01
9.000000000000000000e+01 1.725970720587349239e-01
9.100000000000000000e+01 1.721466915966513855e-01
9.200000000000000000e+01 1.717151324201545703e-01
9.300000000000000000e+01 1.712376051727036164e-01
9.400000000000000000e+01 1.705620930341689157e-01
9.500000000000000000e+01 1.701025918333507192e-01
9.600000000000000000e+01 1.697780899153290002e-01
9.700000000000000000e+01 1.693941889367677756e-01
9.800000000000000000e+01 1.688429085294705367e-01
9.900000000000000000e+01 1.684607559727599457e-01
1.000000000000000000e+02 1.678984086294209033e-01
1.010000000000000000e+02 1.673343264663133823e-01
1.020000000000000000e+02 1.672202152836657629e-01
1.030000000000000000e+02 1.668778722204342924e-01
1.040000000000000000e+02 1.666924657740372906e-01
1.050000000000000000e+02 1.660755719352572379e-01
1.060000000000000000e+02 1.652920582914704783e-01
1.070000000000000000e+02 1.649372486686393191e-01
1.080000000000000000e+02 1.647529966676832547e-01
1.090000000000000000e+02 1.642705445368355943e-01
1.100000000000000000e+02 1.638625853874304261e-01
1.110000000000000000e+02 1.634063239902778519e-01
1.120000000000000000e+02 1.626651951719941258e-01
1.130000000000000000e+02 1.624070375708407399e-01
1.140000000000000000e+02 1.621378683320881808e-01
1.150000000000000000e+02 1.612777955388662587e-01
1.160000000000000000e+02 1.607434213896141162e-01
1.170000000000000000e+02 1.601032606784175971e-01
1.180000000000000000e+02 1.595803375958237402e-01
1.190000000000000000e+02 1.588645097328320877e-01
1.200000000000000000e+02 1.583973687131030317e-01
1.210000000000000000e+02 1.578552498614418098e-01
1.220000000000000000e+02 1.573393628775583974e-01
1.230000000000000000e+02 1.565000436280871432e-01
1.240000000000000000e+02 1.558951021047217389e-01
1.250000000000000000e+02 1.551521172960068640e-01
1.260000000000000000e+02 1.548221715505450902e-01
1.270000000000000000e+02 1.542703430751027893e-01
1.280000000000000000e+02 1.535314282569465727e-01
1.290000000000000000e+02 1.528048277314714987e-01
1.300000000000000000e+02 1.520734588285550803e-01
1.310000000000000000e+02 1.514277353264621429e-01
1.320000000000000000e+02 1.510596418600969049e-01
1.330000000000000000e+02 1.503901743540030644e-01
1.340000000000000000e+02 1.498134158134618310e-01
1.350000000000000000e+02 1.492664462801342740e-01
1.360000000000000000e+02 1.487204084367055867e-01
1.370000000000000000e+02 1.483612478315844141e-01
1.380000000000000000e+02 1.478294339594904971e-01
1.390000000000000000e+02 1.476864178247391524e-01
1.400000000000000000e+02 1.470974897720054020e-01
1.410000000000000000e+02 1.466464810661291251e-01
1.420000000000000000e+02 1.460341582265933524e-01
1.430000000000000000e+02 1.451280484990785657e-01
1.440000000000000000e+02 1.438369659639350817e-01
1.450000000000000000e+02 1.427028625536493900e-01
1.460000000000000000e+02 1.419162819659088304e-01
1.470000000000000000e+02 1.414747779044107645e-01
1.480000000000000000e+02 1.405177868375304118e-01
1.490000000000000000e+02 1.383211819285784516e-01
1.500000000000000000e+02 1.378801001631176915e-01
1.510000000000000000e+02 1.370314650068849283e-01
1.520000000000000000e+02 1.362546070686067035e-01
1.530000000000000000e+02 1.346505012352522124e-01
1.540000000000000000e+02 1.323716765521954219e-01
1.550000000000000000e+02 1.314725130252348828e-01
1.560000000000000000e+02 1.303371588184355778e-01
1.570000000000000000e+02 1.291377058248270593e-01
1.580000000000000000e+02 1.279984891355515353e-01
1.590000000000000000e+02 1.252813733979846744e-01
1.600000000000000000e+02 1.197711175351243856e-01
1.610000000000000000e+02 1.164691077235475852e-01
