7.947086557596898526e-01
3.052759475006515899e+00
4.182936822832398427e+00
5.976059969191607202e-01
-1.709044812084172527e-01
2.327372349125857109e+00
3.262653156917382447e+00
4.773606965172039196e-01
2.066699104965871836e+00
-1.912723373252841919e+00
-8.001978195662846627e-01
-2.546771511849807546e+00
3.144371204719270452e+00
9.492767000625941254e-01
6.580658725498225170e-01
-1.295360006889730853e+00
2.280851883586782591e+00
-2.339715988201405139e+00
2.171050437903753183e-01
-5.019789844225916453e-02
2.388076949300928786e-01
-1.559405956939146909e-01
1.463170232331285181e+00
1.489210233885497781e+00
7.473986197398840847e-01
2.293940521286754741e+00
1.699641812778876826e+00
-8.737173187088010939e-01
-1.477701132307272402e+00
-9.175272045317216518e-01
-5.355155195606610130e-01
9.562239316190273009e-01
