4.310062335412303547e-01
7.735422229176830422e-01
5.833242859037895967e-01
1.847455678926797296e+00
8.902755910018276264e-01
5.129192670729675052e-02
-1.755716739561413275e+00
7.056114919435014787e-01
9.455126226053796046e-01
2.846319079382653605e+00
-2.005454448630250852e-01
1.444753288131272573e+00
1.261868551944903993e+00
1.430618587369592909e+00
-5.155129682032253413e-01
1.567743341665344792e+00
5.324910402803963994e-01
1.549113767656789653e+00
1.924160692652232829e-01
-7.265815470093588413e-01
3.289074090450901378e-01
1.193069148941614088e+00
2.711983851131609113e-01
-8.649294243207011901e-01
-1.737811319801092047e+00
-1.203046821172512604e-01
1.600088204797776859e-01
1.453920956997821756e+00
1.080214993526837253e+00
-2.992471691029180425e-01
7.685758401256744810e-01
3.900949456026827078e-01
8.356236396058991378e-01
2.869181246928846019e+00
1.130200545243400079e+00
4.914363580506141832e-02
-1.544809519965414379e-01
3.606114038447467141e-01
8.094153924850735482e-01
1.510877041348463568e+00
1.396252461105117249e+00
5.453108208090358122e-01
1.440883813157953330e+00
1.578986604387736747e+00
1.305860931016145976e+00
7.117197420727314761e-01
5.650671956091571912e-01
2.021446733168062782e+00
