
Figur of merit = weighted_fidelity_chi
Problem = diamond
Number of qubits = 1
Number of layers = 16
Minimization method = L-BFGS-B
Random seed = 30

BEST RESULT


THETA = 
[[[ 0.43100623  0.77354222  0.58332429]
  [ 1.84745568  0.89027559  0.05129193]
  [-1.75571674  0.70561149  0.94551262]
  [ 2.84631908 -0.20054544  1.44475329]
  [ 1.26186855  1.43061859 -0.51551297]
  [ 1.56774334  0.53249104  1.54911377]
  [ 0.19241607 -0.72658155  0.32890741]
  [ 1.19306915  0.27119839 -0.86492942]
  [-1.73781132 -0.12030468  0.16000882]
  [ 1.45392096  1.08021499 -0.29924717]
  [ 0.76857584  0.39009495  0.83562364]
  [ 2.86918125  1.13020055  0.04914364]
  [-0.15448095  0.3606114   0.80941539]
  [ 1.51087704  1.39625246  0.54531082]
  [ 1.44088381  1.5789866   1.30586093]
  [ 0.71171974  0.5650672   2.02144673]]]
ALPHA = 
[[[ 0.79470866  3.05275948]
  [ 4.18293682  0.597606  ]
  [-0.17090448  2.32737235]
  [ 3.26265316  0.4773607 ]
  [ 2.0666991  -1.91272337]
  [-0.80019782 -2.54677151]
  [ 3.1443712   0.9492767 ]
  [ 0.65806587 -1.29536001]
  [ 2.28085188 -2.33971599]
  [ 0.21710504 -0.0501979 ]
  [ 0.23880769 -0.1559406 ]
  [ 1.46317023  1.48921023]
  [ 0.74739862  2.29394052]
  [ 1.69964181 -0.87371732]
  [-1.47770113 -0.9175272 ]
  [-0.53551552  0.95622393]]]
WEIGHTS = 
[[1.12412503]
 [1.01726795]]
chi**2 = 0.11646910772354759
acc_train = 0.83
acc_test = 0.66775