1.000000000000000000e+00 2.177906524285168344e-01
2.000000000000000000e+00 1.693527460947649721e-01
3.000000000000000000e+00 1.542662654057201377e-01
4.000000000000000000e+00 1.391792515969109689e-01
5.000000000000000000e+00 1.314454533226833144e-01
6.000000000000000000e+00 1.231250999467624202e-01
7.000000000000000000e+00 1.165210340554585916e-01
8.000000000000000000e+00 1.114363014926628842e-01
9.000000000000000000e+00 1.098345883092025910e-01
1.000000000000000000e+01 1.035105633280386239e-01
1.100000000000000000e+01 9.812402731407331158e-02
1.200000000000000000e+01 9.321006453628248589e-02
1.300000000000000000e+01 8.913840961971856991e-02
1.400000000000000000e+01 8.549965071990106580e-02
1.500000000000000000e+01 8.304729276641457936e-02
1.600000000000000000e+01 8.072041658909533124e-02
1.700000000000000000e+01 7.935083956635788360e-02
1.800000000000000000e+01 7.812718220298202343e-02
1.900000000000000000e+01 7.739342113870885387e-02
2.000000000000000000e+01 7.449131853605436837e-02
2.100000000000000000e+01 7.375050563418468486e-02
2.200000000000000000e+01 7.246781431566316767e-02
2.300000000000000000e+01 7.180316976791442651e-02
2.400000000000000000e+01 7.114596505971507168e-02
2.500000000000000000e+01 7.019043714989819938e-02
2.600000000000000000e+01 6.916633672724314952e-02
2.700000000000000000e+01 6.868342911469656198e-02
2.800000000000000000e+01 6.826758710835090227e-02
2.900000000000000000e+01 6.760093179049733725e-02
3.000000000000000000e+01 6.664691741873525477e-02
3.100000000000000000e+01 6.598948929666600960e-02
3.200000000000000000e+01 6.475602336398462999e-02
3.300000000000000000e+01 6.256036041295649774e-02
3.400000000000000000e+01 6.172535024192533221e-02
3.500000000000000000e+01 5.893092809165210305e-02
3.600000000000000000e+01 5.809160135933492952e-02
3.700000000000000000e+01 5.735750597120582023e-02
3.800000000000000000e+01 5.684469366744687030e-02
3.900000000000000000e+01 5.591209451641119405e-02
4.000000000000000000e+01 5.521812860081500018e-02
4.100000000000000000e+01 5.487503689304685378e-02
4.200000000000000000e+01 5.447571158700781346e-02
4.300000000000000000e+01 5.428983740425584459e-02
4.400000000000000000e+01 5.402038913687771948e-02
4.500000000000000000e+01 5.373498419556661798e-02
4.600000000000000000e+01 5.345068681036308639e-02
4.700000000000000000e+01 5.324193618641601816e-02
4.800000000000000000e+01 5.313216469709725054e-02
4.900000000000000000e+01 5.303799265952577335e-02
5.000000000000000000e+01 5.298387425603788559e-02
5.100000000000000000e+01 5.287843546516352022e-02
5.200000000000000000e+01 5.268458113110605079e-02
5.300000000000000000e+01 5.239622156263847724e-02
5.400000000000000000e+01 5.225806701317361330e-02
5.500000000000000000e+01 5.196974498648782026e-02
5.600000000000000000e+01 5.183587379025125785e-02
5.700000000000000000e+01 5.173715858923473576e-02
5.800000000000000000e+01 5.147363998962061621e-02
5.900000000000000000e+01 5.140230981261767473e-02
6.000000000000000000e+01 5.121838076427847469e-02
6.100000000000000000e+01 5.114354573169750673e-02
6.200000000000000000e+01 5.101876904271305385e-02
6.300000000000000000e+01 5.084734823624652289e-02
6.400000000000000000e+01 5.071237382617774930e-02
6.500000000000000000e+01 5.055570927435405065e-02
6.600000000000000000e+01 5.037370862269864580e-02
6.700000000000000000e+01 5.021638442841074024e-02
6.800000000000000000e+01 5.004501743502050293e-02
6.900000000000000000e+01 4.994154612642708047e-02
7.000000000000000000e+01 4.978823525883317724e-02
7.100000000000000000e+01 4.960203928258571232e-02
7.200000000000000000e+01 4.933099794282782419e-02
7.300000000000000000e+01 4.906373366226116084e-02
7.400000000000000000e+01 4.872056525580232417e-02
7.500000000000000000e+01 4.841709879118112625e-02
7.600000000000000000e+01 4.802103836127468578e-02
7.700000000000000000e+01 4.757506167203897490e-02
7.800000000000000000e+01 4.710502394075324201e-02
7.900000000000000000e+01 4.655245673515143179e-02
8.000000000000000000e+01 4.599142278345607487e-02
8.100000000000000000e+01 4.590858262344343216e-02
8.200000000000000000e+01 4.548881258075006262e-02
8.300000000000000000e+01 4.532990002261418766e-02
8.400000000000000000e+01 4.509805420132989573e-02
8.500000000000000000e+01 4.484497938982981435e-02
8.600000000000000000e+01 4.458341137191091513e-02
8.700000000000000000e+01 4.424783614155711198e-02
8.800000000000000000e+01 4.409394145630218115e-02
8.900000000000000000e+01 4.389840351746118058e-02
9.000000000000000000e+01 4.361888207946362783e-02
9.100000000000000000e+01 4.342255465767853179e-02
9.200000000000000000e+01 4.319653267302855232e-02
9.300000000000000000e+01 4.289517427754461348e-02
9.400000000000000000e+01 4.270648507196356247e-02
9.500000000000000000e+01 4.253724334369821114e-02
9.600000000000000000e+01 4.237008090209659628e-02
9.700000000000000000e+01 4.215854487767579234e-02
9.800000000000000000e+01 4.194509794497021382e-02
9.900000000000000000e+01 4.161457676372237041e-02
1.000000000000000000e+02 4.128498957560623045e-02
1.010000000000000000e+02 4.103060666175901983e-02
1.020000000000000000e+02 4.078244452254539687e-02
1.030000000000000000e+02 4.045312269072942613e-02
1.040000000000000000e+02 4.026880224217240650e-02
1.050000000000000000e+02 4.000282998094975562e-02
1.060000000000000000e+02 3.988427962112968406e-02
1.070000000000000000e+02 3.976865489022445022e-02
1.080000000000000000e+02 3.963586385815970337e-02
1.090000000000000000e+02 3.943646840452608160e-02
1.100000000000000000e+02 3.934484895744268240e-02
1.110000000000000000e+02 3.926192938327419807e-02
1.120000000000000000e+02 3.917035933227805411e-02
1.130000000000000000e+02 3.897887905220484561e-02
1.140000000000000000e+02 3.878654530301220427e-02
1.150000000000000000e+02 3.858871813954411339e-02
1.160000000000000000e+02 3.844268612454964512e-02
1.170000000000000000e+02 3.836418916489053865e-02
1.180000000000000000e+02 3.830786410971007139e-02
1.190000000000000000e+02 3.820261767053376861e-02
1.200000000000000000e+02 3.814543498702202551e-02
1.210000000000000000e+02 3.807981357033311115e-02
1.220000000000000000e+02 3.784597595499423345e-02
1.230000000000000000e+02 3.777017729826789849e-02
1.240000000000000000e+02 3.764714513298000886e-02
1.250000000000000000e+02 3.754675349611988344e-02
1.260000000000000000e+02 3.745385304764704826e-02
1.270000000000000000e+02 3.732626825479562482e-02
1.280000000000000000e+02 3.715868431823163981e-02
1.290000000000000000e+02 3.703579643954606204e-02
1.300000000000000000e+02 3.691024229472548990e-02
1.310000000000000000e+02 3.682353565820757624e-02
1.320000000000000000e+02 3.667092160114637095e-02
1.330000000000000000e+02 3.641818141377089341e-02
1.340000000000000000e+02 3.609199382529219846e-02
1.350000000000000000e+02 3.601046493760907963e-02
1.360000000000000000e+02 3.577822293343559806e-02
1.370000000000000000e+02 3.570909563576216139e-02
1.380000000000000000e+02 3.553469167012313773e-02
1.390000000000000000e+02 3.548119248933308961e-02
1.400000000000000000e+02 3.532366674382369370e-02
1.410000000000000000e+02 3.525665810896864982e-02
1.420000000000000000e+02 3.513332922079324960e-02
1.430000000000000000e+02 3.501221754552387433e-02
1.440000000000000000e+02 3.488906737554976073e-02
1.450000000000000000e+02 3.479273484907115244e-02
1.460000000000000000e+02 3.466864012686506763e-02
1.470000000000000000e+02 3.455376454077740273e-02
1.480000000000000000e+02 3.447291206402288560e-02
1.490000000000000000e+02 3.440953714851927026e-02
1.500000000000000000e+02 3.428308921929862363e-02
1.510000000000000000e+02 3.418102727081371445e-02
1.520000000000000000e+02 3.410548529154647929e-02
1.530000000000000000e+02 3.402412448712301141e-02
1.540000000000000000e+02 3.396204446624312423e-02
1.550000000000000000e+02 3.389319650424025415e-02
1.560000000000000000e+02 3.381882943786355955e-02
1.570000000000000000e+02 3.370977701307659863e-02
1.580000000000000000e+02 3.361563330297922397e-02
1.590000000000000000e+02 3.353316783221387681e-02
1.600000000000000000e+02 3.345881838842843653e-02
1.610000000000000000e+02 3.334637167218701403e-02
1.620000000000000000e+02 3.325667972853059429e-02
1.630000000000000000e+02 3.311275046959204910e-02
1.640000000000000000e+02 3.299266887884205052e-02
1.650000000000000000e+02 3.286918362646358560e-02
1.660000000000000000e+02 3.270720400173290215e-02
1.670000000000000000e+02 3.253141492753901243e-02
1.680000000000000000e+02 3.238385780101470102e-02
1.690000000000000000e+02 3.221950284218386834e-02
1.700000000000000000e+02 3.211367519404567661e-02
1.710000000000000000e+02 3.206416444893771256e-02
1.720000000000000000e+02 3.197226381063640599e-02
