
Figur of merit = weighted_fidelity_chi
Problem = wavy lines
Number of qubits = 1
Number of layers = 16
Minimization method = L-BFGS-B
Random seed = 30

BEST RESULT


THETA = 
[[[ 1.33286695  0.27632644  0.85541181]
  [ 0.09419905  0.04636004  0.06948532]
  [ 0.9600889   0.78139436  0.68336446]
  [-0.37927053  0.77486608  1.12086571]
  [ 1.3976418   0.53287135  1.22389334]
  [ 0.15187895  0.39660154  0.69029503]
  [-0.52729193  1.69047081  0.45029714]
  [-0.184654   -0.46767248  0.79259452]
  [ 2.25795429  1.12281893 -0.43252304]
  [ 0.79366466  0.90541925  0.47222631]
  [ 0.44279505  0.39217946  0.77516789]
  [ 0.6269022  -0.43623929  0.53340628]
  [ 0.29298335  0.41898811  0.13791112]
  [ 1.58587956  0.27432912 -0.04855213]
  [ 1.17782367  0.66481461  1.13052198]
  [-0.8812695  -0.99638547  0.58851061]]]
ALPHA = 
[[[ 1.19285191  0.62778176]
  [ 1.36060039  1.81007645]
  [ 1.70111701 -0.31034978]
  [ 0.11092903  0.46029444]
  [-1.06819383  0.25375661]
  [ 3.61322863  0.83807002]
  [ 1.06428129  2.31380325]
  [-0.31244191  0.5458891 ]
  [ 1.00696839  3.16731291]
  [-0.63018651  0.81498486]
  [-4.88807277  0.09430235]
  [ 0.81807067  0.81217706]
  [ 2.35209862  2.17133122]
  [ 1.3835398   1.78094517]
  [ 1.11970017 -2.18996442]
  [ 1.8567656   0.02836485]]]
WEIGHTS = 
[[1.01108108]
 [0.91216942]
 [0.93700972]
 [1.01928676]]
chi**2 = 0.031972263810636406
acc_train = 0.955
acc_test = 0.9