1.332866952688380957e+00
2.763264364397859385e-01
8.554118139292695711e-01
9.419905467845603175e-02
4.636004043760803134e-02
6.948531658984208326e-02
9.600889006420012528e-01
7.813943617534374608e-01
6.833644628329705872e-01
-3.792705276527076341e-01
7.748660759621975869e-01
1.120865714756076104e+00
1.397641796843736683e+00
5.328713483273058715e-01
1.223893335140239680e+00
1.518789549588968057e-01
3.966015438598607390e-01
6.902950316646668805e-01
-5.272919328745421241e-01
1.690470810606482965e+00
4.502971409535053704e-01
-1.846539992991200474e-01
-4.676724845356101112e-01
7.925945217131524778e-01
2.257954289256112634e+00
1.122818933384082785e+00
-4.325230403808240642e-01
7.936646581884562179e-01
9.054192473848957645e-01
4.722263139135683407e-01
4.427950496289731475e-01
3.921794564766845070e-01
7.751678946373670165e-01
6.269022005499905736e-01
-4.362392919884302556e-01
5.334062845450181500e-01
2.929833510789237039e-01
4.189881108333497473e-01
1.379111175770295072e-01
1.585879555644321703e+00
2.743291246822880947e-01
-4.855212685280096974e-02
1.177823666540322112e+00
6.648146096215747924e-01
1.130521976315526311e+00
-8.812695013504819874e-01
-9.963854653235869607e-01
5.885106125852326286e-01
