1.192851914940662006e+00
6.277817580200030223e-01
1.360600390856094188e+00
1.810076449758596606e+00
1.701117011924058176e+00
-3.103497770876956219e-01
1.109290279695013953e-01
4.602944395928980637e-01
-1.068193832418343980e+00
2.537566073455186921e-01
3.613228633061389861e+00
8.380700247211212428e-01
1.064281291556228082e+00
2.313803253982260610e+00
-3.124419086147875446e-01
5.458891012427432576e-01
1.006968385073164995e+00
3.167312905194587636e+00
-6.301865062268112716e-01
8.149848624403791542e-01
-4.888072767987177158e+00
9.430234868041223462e-02
8.180706683421867798e-01
8.121770623286572732e-01
2.352098616503774053e+00
2.171331217325778606e+00
1.383539802298744181e+00
1.780945168432271908e+00
1.119700172908418390e+00
-2.189964419145555397e+00
1.856765603451172586e+00
2.836484592754228221e-02
