1.000000000000000000e+00 2.077792370407539613e-01
2.000000000000000000e+00 1.471402269956783859e-01
3.000000000000000000e+00 1.078167225840319654e-01
4.000000000000000000e+00 1.006863521584100973e-01
5.000000000000000000e+00 9.757648318108554097e-02
6.000000000000000000e+00 9.695628427916389014e-02
7.000000000000000000e+00 9.690281758166871540e-02
8.000000000000000000e+00 9.688280428904744168e-02
9.000000000000000000e+00 9.687954544015220382e-02
1.000000000000000000e+01 9.687947304746385990e-02
1.100000000000000000e+01 9.687947234204984104e-02
