1.000000000000000000e+00 1.107332839787725343e+00
2.000000000000000000e+00 3.091359888956010105e-01
3.000000000000000000e+00 2.256140493479065756e-01
4.000000000000000000e+00 1.734529367617222984e-01
5.000000000000000000e+00 1.568003420817807581e-01
6.000000000000000000e+00 1.352669288113246548e-01
7.000000000000000000e+00 1.234120189580612953e-01
8.000000000000000000e+00 1.180348217463443872e-01
9.000000000000000000e+00 1.116504184245207532e-01
1.000000000000000000e+01 9.983203682788965860e-02
1.100000000000000000e+01 9.274643536696750012e-02
1.200000000000000000e+01 8.800858835846148143e-02
1.300000000000000000e+01 8.263836835691265592e-02
1.400000000000000000e+01 8.018720805102716453e-02
1.500000000000000000e+01 7.798708456890356133e-02
1.600000000000000000e+01 7.552049810048455658e-02
1.700000000000000000e+01 7.211706685077846901e-02
1.800000000000000000e+01 6.738604918300400426e-02
1.900000000000000000e+01 6.378080207642108923e-02
2.000000000000000000e+01 6.100227666794667131e-02
2.100000000000000000e+01 5.888049204231417949e-02
2.200000000000000000e+01 5.639636491004582086e-02
2.300000000000000000e+01 5.475103267640980126e-02
2.400000000000000000e+01 5.368525860771324737e-02
2.500000000000000000e+01 5.279142477542735079e-02
2.600000000000000000e+01 5.202382501806799425e-02
2.700000000000000000e+01 5.101366232910525822e-02
2.800000000000000000e+01 4.911193817343865314e-02
2.900000000000000000e+01 4.702888278093574764e-02
3.000000000000000000e+01 4.549571697544817911e-02
3.100000000000000000e+01 4.479266911093269382e-02
3.200000000000000000e+01 4.374944439783338967e-02
3.300000000000000000e+01 4.316687654260086687e-02
3.400000000000000000e+01 4.251296861583043346e-02
3.500000000000000000e+01 4.180098255823581216e-02
3.600000000000000000e+01 4.122176090821898925e-02
3.700000000000000000e+01 4.079886456327723454e-02
3.800000000000000000e+01 4.051874881416722696e-02
3.900000000000000000e+01 4.028318528549879041e-02
4.000000000000000000e+01 4.013571566144320812e-02
4.100000000000000000e+01 3.971722023560929349e-02
4.200000000000000000e+01 3.962455672403166623e-02
4.300000000000000000e+01 3.955948918593049646e-02
4.400000000000000000e+01 3.952692935549269315e-02
4.500000000000000000e+01 3.947587023141779089e-02
4.600000000000000000e+01 3.939694675754866482e-02
4.700000000000000000e+01 3.928868546128745642e-02
4.800000000000000000e+01 3.924099148687888033e-02
4.900000000000000000e+01 3.919214321599229223e-02
5.000000000000000000e+01 3.916719481879119003e-02
5.100000000000000000e+01 3.914235370768877342e-02
5.200000000000000000e+01 3.910000784381986727e-02
5.300000000000000000e+01 3.903307001853567604e-02
5.400000000000000000e+01 3.898345030333688621e-02
5.500000000000000000e+01 3.894327510478476362e-02
5.600000000000000000e+01 3.890580295057331078e-02
5.700000000000000000e+01 3.886433411489208928e-02
5.800000000000000000e+01 3.881859890572805089e-02
5.900000000000000000e+01 3.878465609514526735e-02
6.000000000000000000e+01 3.874806505801167700e-02
6.100000000000000000e+01 3.871510492512175022e-02
6.200000000000000000e+01 3.869451181107171067e-02
6.300000000000000000e+01 3.867666682291173025e-02
6.400000000000000000e+01 3.864291992224746369e-02
6.500000000000000000e+01 3.860373130727823981e-02
6.600000000000000000e+01 3.857609455985025471e-02
6.700000000000000000e+01 3.854545671259419770e-02
6.800000000000000000e+01 3.853104349802780743e-02
6.900000000000000000e+01 3.851740624486362646e-02
7.000000000000000000e+01 3.849184303577808663e-02
7.100000000000000000e+01 3.845759101599614815e-02
7.200000000000000000e+01 3.843790638501622808e-02
7.300000000000000000e+01 3.840651561784356322e-02
7.400000000000000000e+01 3.838290975717869452e-02
7.500000000000000000e+01 3.835484375845845534e-02
7.600000000000000000e+01 3.833078128526052480e-02
7.700000000000000000e+01 3.830101443318465609e-02
7.800000000000000000e+01 3.827536466032868678e-02
7.900000000000000000e+01 3.824735079337947957e-02
8.000000000000000000e+01 3.823270942462853733e-02
8.100000000000000000e+01 3.818967355320478790e-02
8.200000000000000000e+01 3.817203454498127591e-02
8.300000000000000000e+01 3.811980310321850390e-02
8.400000000000000000e+01 3.807190775376809166e-02
8.500000000000000000e+01 3.800446392368651144e-02
8.600000000000000000e+01 3.795516702241442941e-02
8.700000000000000000e+01 3.789533602166925835e-02
8.800000000000000000e+01 3.787036001892658127e-02
8.900000000000000000e+01 3.782830917591847864e-02
9.000000000000000000e+01 3.777314321470699732e-02
9.100000000000000000e+01 3.768113108048033733e-02
9.200000000000000000e+01 3.754747320326898286e-02
9.300000000000000000e+01 3.732423221522906259e-02
9.400000000000000000e+01 3.720580446406143021e-02
9.500000000000000000e+01 3.714049673931208578e-02
9.600000000000000000e+01 3.705933637679783427e-02
9.700000000000000000e+01 3.703690668073776615e-02
9.800000000000000000e+01 3.701427328346858225e-02
9.900000000000000000e+01 3.695165638150500059e-02
1.000000000000000000e+02 3.685207740674800031e-02
1.010000000000000000e+02 3.679747900446050241e-02
1.020000000000000000e+02 3.673554071806091337e-02
1.030000000000000000e+02 3.669551482644042850e-02
1.040000000000000000e+02 3.665127965781598413e-02
1.050000000000000000e+02 3.660201740523344460e-02
1.060000000000000000e+02 3.655883283152211449e-02
1.070000000000000000e+02 3.652328744494590801e-02
1.080000000000000000e+02 3.646109493283405945e-02
1.090000000000000000e+02 3.641669475049232052e-02
1.100000000000000000e+02 3.636846023880393325e-02
1.110000000000000000e+02 3.632370593558771621e-02
1.120000000000000000e+02 3.630074033539692352e-02
1.130000000000000000e+02 3.622877670721813548e-02
1.140000000000000000e+02 3.614050431411146985e-02
1.150000000000000000e+02 3.603700329900896143e-02
1.160000000000000000e+02 3.598035616489445726e-02
1.170000000000000000e+02 3.591383823308743478e-02
1.180000000000000000e+02 3.587336702437159824e-02
1.190000000000000000e+02 3.584462550337230019e-02
1.200000000000000000e+02 3.574290687490790791e-02
1.210000000000000000e+02 3.571793882564620881e-02
1.220000000000000000e+02 3.565600832065675407e-02
1.230000000000000000e+02 3.562463044162920284e-02
1.240000000000000000e+02 3.556075011116117957e-02
1.250000000000000000e+02 3.549747253843616585e-02
1.260000000000000000e+02 3.546070817746201087e-02
1.270000000000000000e+02 3.543315274116473623e-02
1.280000000000000000e+02 3.539886736048297733e-02
1.290000000000000000e+02 3.538681888915305024e-02
1.300000000000000000e+02 3.535808362997760329e-02
1.310000000000000000e+02 3.534363546322171618e-02
1.320000000000000000e+02 3.532483099063975229e-02
1.330000000000000000e+02 3.530066835030023359e-02
1.340000000000000000e+02 3.528578342613160335e-02
1.350000000000000000e+02 3.525676317955171724e-02
1.360000000000000000e+02 3.523541387407603392e-02
1.370000000000000000e+02 3.520994855080221420e-02
1.380000000000000000e+02 3.517808647952540280e-02
1.390000000000000000e+02 3.516249318686572728e-02
1.400000000000000000e+02 3.513013140146108160e-02
1.410000000000000000e+02 3.509985110380853951e-02
1.420000000000000000e+02 3.506663208193904618e-02
1.430000000000000000e+02 3.500714478591845924e-02
1.440000000000000000e+02 3.494136112427176366e-02
1.450000000000000000e+02 3.489030281489578084e-02
1.460000000000000000e+02 3.482037421847965220e-02
1.470000000000000000e+02 3.475016849262255875e-02
1.480000000000000000e+02 3.464870858790835423e-02
1.490000000000000000e+02 3.458845924764163138e-02
1.500000000000000000e+02 3.448562413298346396e-02
1.510000000000000000e+02 3.429094546054445303e-02
1.520000000000000000e+02 3.415362598448044157e-02
1.530000000000000000e+02 3.406200661356007658e-02
1.540000000000000000e+02 3.398773994584104730e-02
1.550000000000000000e+02 3.397217853167131679e-02
1.560000000000000000e+02 3.395215820083090363e-02
1.570000000000000000e+02 3.392188789642776314e-02
1.580000000000000000e+02 3.390028205648047688e-02
1.590000000000000000e+02 3.388345431605398889e-02
1.600000000000000000e+02 3.386986720521927702e-02
1.610000000000000000e+02 3.385668291056093820e-02
1.620000000000000000e+02 3.383880466294576089e-02
1.630000000000000000e+02 3.380719068660188037e-02
1.640000000000000000e+02 3.378503838696635120e-02
1.650000000000000000e+02 3.376655085138384471e-02
1.660000000000000000e+02 3.375200198234639543e-02
1.670000000000000000e+02 3.373063018537788421e-02
1.680000000000000000e+02 3.370035282937151877e-02
1.690000000000000000e+02 3.365716926495240791e-02
1.700000000000000000e+02 3.363260709155801997e-02
1.710000000000000000e+02 3.360833450988701815e-02
1.720000000000000000e+02 3.359229873067498540e-02
1.730000000000000000e+02 3.357423048914733726e-02
1.740000000000000000e+02 3.355926551848825712e-02
1.750000000000000000e+02 3.354867735243132615e-02
1.760000000000000000e+02 3.352276999484450626e-02
1.770000000000000000e+02 3.350839935426409844e-02
1.780000000000000000e+02 3.347933222590385172e-02
1.790000000000000000e+02 3.345901434517870726e-02
1.800000000000000000e+02 3.345096684191986580e-02
1.810000000000000000e+02 3.343779599636736988e-02
1.820000000000000000e+02 3.341853732609652294e-02
1.830000000000000000e+02 3.339751600889210442e-02
1.840000000000000000e+02 3.337398808045826532e-02
1.850000000000000000e+02 3.334072455306583138e-02
1.860000000000000000e+02 3.329250031547777849e-02
1.870000000000000000e+02 3.327674628802135964e-02
1.880000000000000000e+02 3.325449450975997284e-02
1.890000000000000000e+02 3.324051359916562615e-02
1.900000000000000000e+02 3.322539385166004000e-02
1.910000000000000000e+02 3.320516237043494301e-02
1.920000000000000000e+02 3.319571424657676711e-02
1.930000000000000000e+02 3.317568941850802117e-02
1.940000000000000000e+02 3.316830581744192180e-02
1.950000000000000000e+02 3.315785295696010299e-02
1.960000000000000000e+02 3.313574626281256402e-02
1.970000000000000000e+02 3.312387385308308840e-02
1.980000000000000000e+02 3.310475226450316361e-02
1.990000000000000000e+02 3.306752133758153467e-02
2.000000000000000000e+02 3.304605254700721667e-02
2.010000000000000000e+02 3.302270172333698905e-02
2.020000000000000000e+02 3.300595560398439376e-02
2.030000000000000000e+02 3.298566353942063156e-02
2.040000000000000000e+02 3.297035253280961031e-02
2.050000000000000000e+02 3.294707025788736615e-02
2.060000000000000000e+02 3.291064458964067935e-02
2.070000000000000000e+02 3.289417586202306176e-02
2.080000000000000000e+02 3.287121179249265918e-02
2.090000000000000000e+02 3.284950206734404271e-02
2.100000000000000000e+02 3.281940275880700780e-02
2.110000000000000000e+02 3.279146974751830090e-02
2.120000000000000000e+02 3.275339738772857501e-02
2.130000000000000000e+02 3.272331351006686068e-02
2.140000000000000000e+02 3.268914508884673831e-02
2.150000000000000000e+02 3.265386627962847677e-02
2.160000000000000000e+02 3.263417973648823772e-02
2.170000000000000000e+02 3.259877550500744903e-02
2.180000000000000000e+02 3.258402528761894512e-02
2.190000000000000000e+02 3.257088665162863328e-02
2.200000000000000000e+02 3.255354620853820324e-02
2.210000000000000000e+02 3.253250315592019770e-02
2.220000000000000000e+02 3.251897584002822611e-02
2.230000000000000000e+02 3.250990801002791308e-02
2.240000000000000000e+02 3.250246849976892033e-02
2.250000000000000000e+02 3.248977605537722857e-02
2.260000000000000000e+02 3.248012703813189794e-02
2.270000000000000000e+02 3.246664233514225811e-02
2.280000000000000000e+02 3.246201907397216341e-02
2.290000000000000000e+02 3.244429640867543818e-02
2.300000000000000000e+02 3.242985650766708888e-02
2.310000000000000000e+02 3.241944645271586933e-02
2.320000000000000000e+02 3.241601212593341053e-02
2.330000000000000000e+02 3.241362003484061366e-02
2.340000000000000000e+02 3.240973533861082889e-02
2.350000000000000000e+02 3.240336279500611455e-02
2.360000000000000000e+02 3.239462858251229010e-02
2.370000000000000000e+02 3.239242824110701718e-02
2.380000000000000000e+02 3.239056799135074660e-02
2.390000000000000000e+02 3.238983038291094047e-02
2.400000000000000000e+02 3.238863656531990043e-02
2.410000000000000000e+02 3.238710175304808370e-02
2.420000000000000000e+02 3.238388409656068473e-02
2.430000000000000000e+02 3.238214858051378930e-02
2.440000000000000000e+02 3.237869868198762352e-02
2.450000000000000000e+02 3.237558859754034735e-02
2.460000000000000000e+02 3.237381767812929495e-02
2.470000000000000000e+02 3.237129266683026058e-02
2.480000000000000000e+02 3.236963414895015212e-02
2.490000000000000000e+02 3.236842868170295567e-02
2.500000000000000000e+02 3.236656623916490949e-02
2.510000000000000000e+02 3.236510119501875837e-02
2.520000000000000000e+02 3.236288575123440897e-02
2.530000000000000000e+02 3.236136308818893942e-02
2.540000000000000000e+02 3.235850922383918388e-02
2.550000000000000000e+02 3.235667376700317177e-02
2.560000000000000000e+02 3.235379195152481013e-02
2.570000000000000000e+02 3.234697243251525439e-02
2.580000000000000000e+02 3.234283131176108467e-02
2.590000000000000000e+02 3.233914347041669246e-02
2.600000000000000000e+02 3.233745153186280002e-02
2.610000000000000000e+02 3.233402300735321172e-02
2.620000000000000000e+02 3.232774261433207091e-02
2.630000000000000000e+02 3.232479000970919086e-02
2.640000000000000000e+02 3.231447532474579498e-02
2.650000000000000000e+02 3.230999133296600517e-02
2.660000000000000000e+02 3.230588116054408654e-02
2.670000000000000000e+02 3.230108857985294207e-02
2.680000000000000000e+02 3.229307534332104962e-02
2.690000000000000000e+02 3.228576574189501863e-02
2.700000000000000000e+02 3.228041485393311899e-02
2.710000000000000000e+02 3.227319575191404250e-02
2.720000000000000000e+02 3.226672886756992015e-02
2.730000000000000000e+02 3.225773901318206710e-02
2.740000000000000000e+02 3.224028776195277807e-02
2.750000000000000000e+02 3.222864962115395970e-02
2.760000000000000000e+02 3.222048051720081963e-02
2.770000000000000000e+02 3.221487414608760480e-02
2.780000000000000000e+02 3.220927233880607754e-02
2.790000000000000000e+02 3.219616446414166194e-02
2.800000000000000000e+02 3.217085436016645789e-02
2.810000000000000000e+02 3.214081189191659443e-02
2.820000000000000000e+02 3.212812138602869072e-02
2.830000000000000000e+02 3.209799530616504887e-02
2.840000000000000000e+02 3.208724979516028308e-02
2.850000000000000000e+02 3.207453259536434398e-02
2.860000000000000000e+02 3.206522773498501205e-02
2.870000000000000000e+02 3.205954606355595343e-02
2.880000000000000000e+02 3.205229585607742571e-02
2.890000000000000000e+02 3.204780688595715299e-02
2.900000000000000000e+02 3.204438284718624796e-02
2.910000000000000000e+02 3.203431662168812477e-02
2.920000000000000000e+02 3.202834414838550553e-02
2.930000000000000000e+02 3.201848097043045321e-02
2.940000000000000000e+02 3.200804287490250505e-02
2.950000000000000000e+02 3.199975488049870004e-02
2.960000000000000000e+02 3.198541874298567456e-02
2.970000000000000000e+02 3.196749858429725338e-02
2.980000000000000000e+02 3.195812228997629845e-02
2.990000000000000000e+02 3.195248494460990046e-02
3.000000000000000000e+02 3.194485029099505130e-02
3.010000000000000000e+02 3.194266025202697340e-02
3.020000000000000000e+02 3.193789459103401479e-02
3.030000000000000000e+02 3.192579645251931303e-02
3.040000000000000000e+02 3.191086264549154727e-02
3.050000000000000000e+02 3.190022250346342264e-02
3.060000000000000000e+02 3.189105867571036257e-02
3.070000000000000000e+02 3.187845585416588384e-02
3.080000000000000000e+02 3.186859050336105642e-02
3.090000000000000000e+02 3.185332511815987949e-02
3.100000000000000000e+02 3.183250183481477896e-02
3.110000000000000000e+02 3.182576746078802366e-02
3.120000000000000000e+02 3.181597748652484348e-02
3.130000000000000000e+02 3.181129405839420304e-02
3.140000000000000000e+02 3.180470726755840055e-02
3.150000000000000000e+02 3.179248723215283290e-02
3.160000000000000000e+02 3.177635402494662087e-02
3.170000000000000000e+02 3.176660527519407917e-02
