6.558955825764163361e-01
-3.180335154429577149e-01
8.554099472712310970e-01
9.021663000527846421e-01
4.957556130433042330e-01
-5.248753560343261126e-01
-4.683048135189639138e-01
8.937560390044334557e-01
1.132761333631214340e+00
-4.120719092245469506e-01
2.798038905729601789e-01
1.233224685969841028e+00
1.215509135046446643e+00
-9.016137684935751073e-01
7.288329371400680268e-01
-9.994566016609252035e-02
2.018820612255882718e+00
-7.441873139721238983e-01
2.812666841372790660e+00
-1.156033919156614242e+00
2.072512301515152089e+00
1.126561759797121282e-02
9.180908189154259880e-01
-2.053909719503305364e+00
1.149324658876720751e+00
1.908882967671382547e+00
9.532394733587334912e-01
2.214665765665051911e+00
3.628008968385726396e-01
1.258286476479443250e+00
1.060942673924426122e-01
5.677721574059972909e-01
2.325487724406368195e-01
1.235469870704274609e+00
2.819231405607473123e-02
7.089985242304187585e-01
