1.000000000000000000e+00 2.991777633989773366e-01
2.000000000000000000e+00 2.409838624474877622e-01
3.000000000000000000e+00 1.896181488241332480e-01
4.000000000000000000e+00 1.590370809252013296e-01
5.000000000000000000e+00 1.340803230253330147e-01
6.000000000000000000e+00 1.162269628201536009e-01
7.000000000000000000e+00 1.026306391129655493e-01
8.000000000000000000e+00 9.901222470355409977e-02
9.000000000000000000e+00 9.324993546329110594e-02
1.000000000000000000e+01 8.409648579768261301e-02
1.100000000000000000e+01 7.315615512420016453e-02
1.200000000000000000e+01 7.070154708531356524e-02
1.300000000000000000e+01 6.964821690244964170e-02
1.400000000000000000e+01 6.924961128265037791e-02
1.500000000000000000e+01 6.834277917667591629e-02
1.600000000000000000e+01 6.709023461199546678e-02
1.700000000000000000e+01 6.631267520346273425e-02
1.800000000000000000e+01 6.547935641876884150e-02
1.900000000000000000e+01 6.488056925764651428e-02
2.000000000000000000e+01 6.393810366938040834e-02
2.100000000000000000e+01 6.288045312268931986e-02
2.200000000000000000e+01 6.170775759558416729e-02
2.300000000000000000e+01 6.041708103317033896e-02
2.400000000000000000e+01 5.954932361525749895e-02
2.500000000000000000e+01 5.879040195208890679e-02
2.600000000000000000e+01 5.821559763552733302e-02
2.700000000000000000e+01 5.796842499187793152e-02
2.800000000000000000e+01 5.780011206527848472e-02
2.900000000000000000e+01 5.753349710855108073e-02
3.000000000000000000e+01 5.739390324452443154e-02
3.100000000000000000e+01 5.713879802313606010e-02
3.200000000000000000e+01 5.689641459093665310e-02
3.300000000000000000e+01 5.670912986071083989e-02
3.400000000000000000e+01 5.652039923008309735e-02
3.500000000000000000e+01 5.622438177422542371e-02
3.600000000000000000e+01 5.608572275173666355e-02
3.700000000000000000e+01 5.588393219483842739e-02
3.800000000000000000e+01 5.575865394903264938e-02
3.900000000000000000e+01 5.566464005353136124e-02
4.000000000000000000e+01 5.562623434547672718e-02
4.100000000000000000e+01 5.557955456357369095e-02
4.200000000000000000e+01 5.552481379990929777e-02
4.300000000000000000e+01 5.544582923101099015e-02
4.400000000000000000e+01 5.530160557903591317e-02
4.500000000000000000e+01 5.526338562592776615e-02
4.600000000000000000e+01 5.514694529817201069e-02
4.700000000000000000e+01 5.494956826942049011e-02
4.800000000000000000e+01 5.478239178271417792e-02
4.900000000000000000e+01 5.466965287117669242e-02
5.000000000000000000e+01 5.456810643137470496e-02
5.100000000000000000e+01 5.445548636765622924e-02
5.200000000000000000e+01 5.426832417222784977e-02
5.300000000000000000e+01 5.408054170274119443e-02
5.400000000000000000e+01 5.396360527732407819e-02
5.500000000000000000e+01 5.380496614878588907e-02
5.600000000000000000e+01 5.375130603994947992e-02
5.700000000000000000e+01 5.367144119962584392e-02
5.800000000000000000e+01 5.350301994981470494e-02
5.900000000000000000e+01 5.317726236917528354e-02
6.000000000000000000e+01 5.296851793490416765e-02
6.100000000000000000e+01 5.251887935804378654e-02
6.200000000000000000e+01 5.233966623898973769e-02
6.300000000000000000e+01 5.224003466479911623e-02
6.400000000000000000e+01 5.216081454815954532e-02
6.500000000000000000e+01 5.206949376963367765e-02
6.600000000000000000e+01 5.170861846489684110e-02
6.700000000000000000e+01 5.158212408456734621e-02
6.800000000000000000e+01 5.139846159024699657e-02
6.900000000000000000e+01 5.130863453462652241e-02
7.000000000000000000e+01 5.121743866515141019e-02
7.100000000000000000e+01 5.110664953195312443e-02
7.200000000000000000e+01 5.103137701939725046e-02
7.300000000000000000e+01 5.099088448716285193e-02
7.400000000000000000e+01 5.096892706334014977e-02
7.500000000000000000e+01 5.092615758942966447e-02
7.600000000000000000e+01 5.088834855145872582e-02
7.700000000000000000e+01 5.076906899169512238e-02
7.800000000000000000e+01 5.067557158864967326e-02
7.900000000000000000e+01 5.057085550765265392e-02
8.000000000000000000e+01 5.046636193800282250e-02
8.100000000000000000e+01 5.043330245370845205e-02
8.200000000000000000e+01 5.038351938979776512e-02
8.300000000000000000e+01 5.030701701028643391e-02
8.400000000000000000e+01 5.023420920224865721e-02
8.500000000000000000e+01 5.018517562548646671e-02
8.600000000000000000e+01 5.012515909141851411e-02
8.700000000000000000e+01 5.010227612122426094e-02
8.800000000000000000e+01 5.008864248736866892e-02
8.900000000000000000e+01 5.005594914092281050e-02
9.000000000000000000e+01 4.999464005017464213e-02
9.100000000000000000e+01 4.984098479555901240e-02
9.200000000000000000e+01 4.975250547634837983e-02
9.300000000000000000e+01 4.965733962928963602e-02
9.400000000000000000e+01 4.949255746646055720e-02
9.500000000000000000e+01 4.938931772555402860e-02
9.600000000000000000e+01 4.932479531426745695e-02
9.700000000000000000e+01 4.922390259304337823e-02
9.800000000000000000e+01 4.914787604728200476e-02
9.900000000000000000e+01 4.906248922137193547e-02
1.000000000000000000e+02 4.896107843794793996e-02
1.010000000000000000e+02 4.891316386116426745e-02
1.020000000000000000e+02 4.875190340052441840e-02
1.030000000000000000e+02 4.867828899600688125e-02
1.040000000000000000e+02 4.859639590116453245e-02
1.050000000000000000e+02 4.851595707408705438e-02
1.060000000000000000e+02 4.840395846566135363e-02
1.070000000000000000e+02 4.825468341766964153e-02
1.080000000000000000e+02 4.809855431231560563e-02
1.090000000000000000e+02 4.789726762526831660e-02
1.100000000000000000e+02 4.781505928883591355e-02
1.110000000000000000e+02 4.770827450853794283e-02
1.120000000000000000e+02 4.763176635065948655e-02
1.130000000000000000e+02 4.757328864332885376e-02
1.140000000000000000e+02 4.748965492327553856e-02
1.150000000000000000e+02 4.739542482751899627e-02
1.160000000000000000e+02 4.728901873176304810e-02
1.170000000000000000e+02 4.720632981482619783e-02
1.180000000000000000e+02 4.712884963819754386e-02
1.190000000000000000e+02 4.704105071622228379e-02
1.200000000000000000e+02 4.697981802169736570e-02
1.210000000000000000e+02 4.690029063349488575e-02
1.220000000000000000e+02 4.688248586474789287e-02
1.230000000000000000e+02 4.685153007752179688e-02
1.240000000000000000e+02 4.683483339792887667e-02
1.250000000000000000e+02 4.681613244786646255e-02
1.260000000000000000e+02 4.677612754952032575e-02
1.270000000000000000e+02 4.670108009732862331e-02
1.280000000000000000e+02 4.664267257884788936e-02
1.290000000000000000e+02 4.657376451325147965e-02
1.300000000000000000e+02 4.651125060237167042e-02
1.310000000000000000e+02 4.646812664345514876e-02
1.320000000000000000e+02 4.635713251707750809e-02
1.330000000000000000e+02 4.620518655625707044e-02
1.340000000000000000e+02 4.606241702593611570e-02
1.350000000000000000e+02 4.588803029990822652e-02
1.360000000000000000e+02 4.580059325371233642e-02
1.370000000000000000e+02 4.568727898022223455e-02
1.380000000000000000e+02 4.553003119497812945e-02
1.390000000000000000e+02 4.543618975020000117e-02
1.400000000000000000e+02 4.515338896647676931e-02
1.410000000000000000e+02 4.476797381792549380e-02
1.420000000000000000e+02 4.460462747514319648e-02
1.430000000000000000e+02 4.444234400233329496e-02
1.440000000000000000e+02 4.427648869243247520e-02
1.450000000000000000e+02 4.399831997750986573e-02
1.460000000000000000e+02 4.386311481179563238e-02
1.470000000000000000e+02 4.372071014594333671e-02
1.480000000000000000e+02 4.346229281478657114e-02
1.490000000000000000e+02 4.334480866924539377e-02
1.500000000000000000e+02 4.326034125659274782e-02
1.510000000000000000e+02 4.315809459220563277e-02
1.520000000000000000e+02 4.290314212051175857e-02
1.530000000000000000e+02 4.266212254381322733e-02
1.540000000000000000e+02 4.247127659656006055e-02
1.550000000000000000e+02 4.219704223958913036e-02
1.560000000000000000e+02 4.205364162408467554e-02
1.570000000000000000e+02 4.169686001544761073e-02
1.580000000000000000e+02 4.154005637442889642e-02
1.590000000000000000e+02 4.127816644337164997e-02
1.600000000000000000e+02 4.109744411903232253e-02
1.610000000000000000e+02 4.079172298964379301e-02
1.620000000000000000e+02 4.066069549272440659e-02
1.630000000000000000e+02 4.042922630206494117e-02
1.640000000000000000e+02 4.022983926341226757e-02
1.650000000000000000e+02 3.998396866260962856e-02
1.660000000000000000e+02 3.968334584799730613e-02
1.670000000000000000e+02 3.930201893214437664e-02
1.680000000000000000e+02 3.908991276703846496e-02
1.690000000000000000e+02 3.878756611285058553e-02
1.700000000000000000e+02 3.851763485382743435e-02
1.710000000000000000e+02 3.823989115264046085e-02
1.720000000000000000e+02 3.792939291778602701e-02
1.730000000000000000e+02 3.755113983357229873e-02
1.740000000000000000e+02 3.720796322121171923e-02
1.750000000000000000e+02 3.699078259458103007e-02
1.760000000000000000e+02 3.664399388242096239e-02
1.770000000000000000e+02 3.641202131395337993e-02
1.780000000000000000e+02 3.622406502750844665e-02
1.790000000000000000e+02 3.607144944477846255e-02
1.800000000000000000e+02 3.580310139044677598e-02
1.810000000000000000e+02 3.557731072058380184e-02
1.820000000000000000e+02 3.530685358189815382e-02
1.830000000000000000e+02 3.504969695859021239e-02
1.840000000000000000e+02 3.471500972275081559e-02
1.850000000000000000e+02 3.454573576832548065e-02
1.860000000000000000e+02 3.444959886869997101e-02
1.870000000000000000e+02 3.433726122932261732e-02
1.880000000000000000e+02 3.422009274969337045e-02
1.890000000000000000e+02 3.405526082050401582e-02
1.900000000000000000e+02 3.376038962388841491e-02
1.910000000000000000e+02 3.355731299094875247e-02
1.920000000000000000e+02 3.335854990767710831e-02
1.930000000000000000e+02 3.323431733297652069e-02
1.940000000000000000e+02 3.312687890157669374e-02
1.950000000000000000e+02 3.305213483828677717e-02
1.960000000000000000e+02 3.296755835709409832e-02
1.970000000000000000e+02 3.286428161469531761e-02
1.980000000000000000e+02 3.274267028438786198e-02
1.990000000000000000e+02 3.262494770195942945e-02
2.000000000000000000e+02 3.252502255147465826e-02
2.010000000000000000e+02 3.243213236913014552e-02
2.020000000000000000e+02 3.237852092755411082e-02
2.030000000000000000e+02 3.234180401186937531e-02
2.040000000000000000e+02 3.230912511464985315e-02
2.050000000000000000e+02 3.226827233508811760e-02
2.060000000000000000e+02 3.221883938218250004e-02
2.070000000000000000e+02 3.218167019287109659e-02
2.080000000000000000e+02 3.213888017088079030e-02
2.090000000000000000e+02 3.209591796164937283e-02
2.100000000000000000e+02 3.205252049261735764e-02
2.110000000000000000e+02 3.199384529232231211e-02
2.120000000000000000e+02 3.194564973506720112e-02
2.130000000000000000e+02 3.190702100963554305e-02
2.140000000000000000e+02 3.185992908791333150e-02
2.150000000000000000e+02 3.183595765043589071e-02
2.160000000000000000e+02 3.180964167837552203e-02
2.170000000000000000e+02 3.179381670305174434e-02
2.180000000000000000e+02 3.177839161451149336e-02
2.190000000000000000e+02 3.175870090504631649e-02
2.200000000000000000e+02 3.173758043806709783e-02
2.210000000000000000e+02 3.171474687056310277e-02
2.220000000000000000e+02 3.169176620210736178e-02
2.230000000000000000e+02 3.167035086589727044e-02
2.240000000000000000e+02 3.165276817135597581e-02
