-1.085835844175357057e+00
-3.714380385668527573e-01
-2.383119768444705022e-01
6.079163898611230632e-01
-1.458941388010070561e+00
8.866209016093404838e-01
-2.965244553094470992e-01
1.697499411743094377e+00
1.281500063949440271e+00
3.851203033403686193e-01
-1.831280830813093452e-01
1.830920094934901154e+00
3.493814123565673668e+00
-2.205270996369401271e+00
3.401995749533424540e+00
1.607952509792690776e+00
2.019930947186943104e+00
3.414465618633179211e+00
2.305822162148580379e+00
-7.552413128108900753e-02
3.692825139620027564e+00
-2.706658944767306174e-01
-1.616803434586982391e+00
4.958159559812972406e-01
