1.000000000000000000e+00 1.548742095553067577e-01
2.000000000000000000e+00 1.080349573575818678e-01
3.000000000000000000e+00 8.467626830369846813e-02
4.000000000000000000e+00 5.265935987498065324e-02
5.000000000000000000e+00 4.627114972470287163e-02
6.000000000000000000e+00 4.146428085963606985e-02
7.000000000000000000e+00 3.880533325446924170e-02
8.000000000000000000e+00 3.588089915350946291e-02
9.000000000000000000e+00 3.433970272541284063e-02
1.000000000000000000e+01 3.334834156075097006e-02
1.100000000000000000e+01 3.176444812072491686e-02
1.200000000000000000e+01 2.154041756868329063e-02
1.300000000000000000e+01 2.060317426858936096e-02
1.400000000000000000e+01 1.903087061048218398e-02
1.500000000000000000e+01 1.716643567103194601e-02
1.600000000000000000e+01 1.512597429812202916e-02
1.700000000000000000e+01 1.262385745148448743e-02
1.800000000000000000e+01 1.111774313865765591e-02
1.900000000000000000e+01 1.062106597011949934e-02
2.000000000000000000e+01 1.017164093823135287e-02
2.100000000000000000e+01 9.998433032298472203e-03
2.200000000000000000e+01 9.909268791630010398e-03
2.300000000000000000e+01 9.825752073231958789e-03
2.400000000000000000e+01 9.766545942140873737e-03
2.500000000000000000e+01 9.736400013642874246e-03
2.600000000000000000e+01 9.708256937528750991e-03
2.700000000000000000e+01 9.680432564091767320e-03
2.800000000000000000e+01 9.664216595647385361e-03
2.900000000000000000e+01 9.649349775209212568e-03
3.000000000000000000e+01 9.642818561209277883e-03
3.100000000000000000e+01 9.641395651948887757e-03
3.200000000000000000e+01 9.641109678691674179e-03
3.300000000000000000e+01 9.640848252653197448e-03
3.400000000000000000e+01 9.640708455767151019e-03
3.500000000000000000e+01 9.640647399201493495e-03
3.600000000000000000e+01 9.640637968563936164e-03
3.700000000000000000e+01 9.640615658009537431e-03
3.800000000000000000e+01 9.640604213665493818e-03
3.900000000000000000e+01 9.640593975714425307e-03
4.000000000000000000e+01 9.640584122395519720e-03
4.100000000000000000e+01 9.640582883098214317e-03
