-2.294522796514609220e-01
2.555202107225535424e-01
5.833267218432464096e-01
9.385715818842272906e-01
3.249912501989976610e-01
-4.667283428855679706e-01
-3.945790169839322736e-01
-4.686381673327167374e-01
3.802321173868823401e-01
4.011948575442819687e-01
8.763869210053615300e-01
2.705078644418877354e-01
4.803999022103334071e-01
6.153411615620405506e-01
5.614184963368374914e-01
-1.269791290083192581e-01
1.266575989321782503e+00
7.338431438311190380e-01
1.189558380740846744e+00
6.850293069215467046e-02
1.062996658787550119e+00
1.532939166264846387e+00
2.280607589837906624e-01
-6.983363267644245032e-02
-2.706557695467914360e-01
3.733838445600060618e-01
1.168727755402412666e-01
7.404688853843995888e-01
4.429662956559035081e-01
1.944376735291618585e-01
6.099904763691834653e-01
1.124368063037350707e+00
1.983757061893748619e-01
2.898502315550430808e-01
4.913624781157073240e-01
7.834169298738704601e-01
-3.734314067153693406e-01
-5.087751179661390566e-01
1.705725242808178443e-01
8.715978670480167834e-01
2.621359483865228768e-01
-3.240733813431767030e-01
2.348916470514777810e+00
-6.222882866118130130e-01
1.717383364400562329e-01
1.062475906706432660e+00
5.650690308874445345e-01
-1.798341019413318698e-01
