1.000000000000000000e+00 3.702270658734355679e-01
2.000000000000000000e+00 2.765218634166211054e-01
3.000000000000000000e+00 2.500854143330117352e-01
4.000000000000000000e+00 2.429218530746274363e-01
5.000000000000000000e+00 2.381197242096492472e-01
6.000000000000000000e+00 2.330945648371021139e-01
7.000000000000000000e+00 2.283627468965720442e-01
8.000000000000000000e+00 2.251053170874456888e-01
9.000000000000000000e+00 2.229828707401333432e-01
1.000000000000000000e+01 2.195535275408481979e-01
1.100000000000000000e+01 2.153029958414664768e-01
1.200000000000000000e+01 2.120074170600053931e-01
1.300000000000000000e+01 2.106363977761981365e-01
1.400000000000000000e+01 2.086704647759542730e-01
1.500000000000000000e+01 2.074603895855838265e-01
1.600000000000000000e+01 2.065604531790758702e-01
1.700000000000000000e+01 2.051642115814826806e-01
1.800000000000000000e+01 2.042683155971733167e-01
1.900000000000000000e+01 2.037183726150143537e-01
2.000000000000000000e+01 2.027924772367857287e-01
2.100000000000000000e+01 2.025622193796807191e-01
2.200000000000000000e+01 2.020162663402169656e-01
2.300000000000000000e+01 2.018202529959527425e-01
2.400000000000000000e+01 2.015603924554034143e-01
2.500000000000000000e+01 2.013684238825037276e-01
2.600000000000000000e+01 2.012123009778180038e-01
2.700000000000000000e+01 2.009963442829199864e-01
2.800000000000000000e+01 2.005229805538061294e-01
2.900000000000000000e+01 1.993935128116252620e-01
3.000000000000000000e+01 1.985585249084548531e-01
3.100000000000000000e+01 1.979382375542888539e-01
3.200000000000000000e+01 1.965121255413050660e-01
3.300000000000000000e+01 1.956021367209080097e-01
3.400000000000000000e+01 1.944312037145768390e-01
3.500000000000000000e+01 1.934313118605622828e-01
3.600000000000000000e+01 1.915447809098094478e-01
3.700000000000000000e+01 1.901415174629123572e-01
3.800000000000000000e+01 1.886846084028363235e-01
3.900000000000000000e+01 1.861036343616507271e-01
4.000000000000000000e+01 1.847358001266670435e-01
4.100000000000000000e+01 1.828139794587761435e-01
4.200000000000000000e+01 1.816970434471710805e-01
4.300000000000000000e+01 1.807369244800278163e-01
4.400000000000000000e+01 1.799721740132638192e-01
4.500000000000000000e+01 1.795668042977147660e-01
4.600000000000000000e+01 1.793142022974118788e-01
4.700000000000000000e+01 1.788907179869392017e-01
4.800000000000000000e+01 1.777986606915437640e-01
4.900000000000000000e+01 1.773289049619204139e-01
5.000000000000000000e+01 1.768491586412208882e-01
5.100000000000000000e+01 1.766291438604327135e-01
5.200000000000000000e+01 1.764001582707059035e-01
5.300000000000000000e+01 1.761237477972706356e-01
5.400000000000000000e+01 1.758024832937435666e-01
5.500000000000000000e+01 1.750311701848435431e-01
5.600000000000000000e+01 1.745924255652146206e-01
5.700000000000000000e+01 1.736773824020833579e-01
5.800000000000000000e+01 1.729008962867353005e-01
5.900000000000000000e+01 1.722441909807122251e-01
6.000000000000000000e+01 1.714303393167289635e-01
6.100000000000000000e+01 1.705437971329125391e-01
6.200000000000000000e+01 1.697529721393405133e-01
6.300000000000000000e+01 1.691970841580206220e-01
6.400000000000000000e+01 1.687587564472147195e-01
6.500000000000000000e+01 1.682132918544252953e-01
6.600000000000000000e+01 1.676013111581318715e-01
6.700000000000000000e+01 1.670029586953268863e-01
6.800000000000000000e+01 1.659286242454950377e-01
6.900000000000000000e+01 1.648748066347373586e-01
7.000000000000000000e+01 1.630849869756051673e-01
7.100000000000000000e+01 1.615757073593480919e-01
7.200000000000000000e+01 1.600161892172323463e-01
7.300000000000000000e+01 1.591539786974473791e-01
7.400000000000000000e+01 1.586374359853101323e-01
7.500000000000000000e+01 1.583544393152647722e-01
7.600000000000000000e+01 1.580727039929955835e-01
7.700000000000000000e+01 1.567225281430814354e-01
7.800000000000000000e+01 1.545618683213020872e-01
7.900000000000000000e+01 1.520361307256578587e-01
8.000000000000000000e+01 1.511258765069619370e-01
8.100000000000000000e+01 1.497776805207134132e-01
8.200000000000000000e+01 1.495570251426162345e-01
8.300000000000000000e+01 1.482446520846256166e-01
8.400000000000000000e+01 1.478330269881654724e-01
8.500000000000000000e+01 1.470500720280453200e-01
8.600000000000000000e+01 1.462387957841502495e-01
8.700000000000000000e+01 1.457111339578673614e-01
8.800000000000000000e+01 1.452530175806314994e-01
8.900000000000000000e+01 1.448101187289655423e-01
9.000000000000000000e+01 1.439362583099783321e-01
9.100000000000000000e+01 1.429759208073012045e-01
9.200000000000000000e+01 1.424093679504457310e-01
9.300000000000000000e+01 1.412658306401098629e-01
9.400000000000000000e+01 1.407529968508690332e-01
9.500000000000000000e+01 1.404584765025263526e-01
9.600000000000000000e+01 1.401119183473997221e-01
9.700000000000000000e+01 1.397673564217321862e-01
9.800000000000000000e+01 1.395016600078997915e-01
9.900000000000000000e+01 1.392541342715123143e-01
1.000000000000000000e+02 1.390310172479473083e-01
1.010000000000000000e+02 1.387400365332938090e-01
1.020000000000000000e+02 1.384274822961372997e-01
1.030000000000000000e+02 1.381391970737489705e-01
1.040000000000000000e+02 1.378944810838724500e-01
1.050000000000000000e+02 1.377812676833532757e-01
1.060000000000000000e+02 1.376536532542372016e-01
1.070000000000000000e+02 1.374725935752691697e-01
1.080000000000000000e+02 1.373439602242830515e-01
1.090000000000000000e+02 1.372092254058415450e-01
1.100000000000000000e+02 1.370998015070470089e-01
1.110000000000000000e+02 1.369555968466959484e-01
1.120000000000000000e+02 1.368179019081197656e-01
1.130000000000000000e+02 1.365834093074613786e-01
1.140000000000000000e+02 1.364489643899651217e-01
1.150000000000000000e+02 1.363055869615639182e-01
1.160000000000000000e+02 1.361231069855087239e-01
1.170000000000000000e+02 1.359533127664284968e-01
1.180000000000000000e+02 1.358103613689037314e-01
1.190000000000000000e+02 1.356639613392198462e-01
1.200000000000000000e+02 1.355111698013567734e-01
1.210000000000000000e+02 1.353884138389418179e-01
1.220000000000000000e+02 1.352233117665490036e-01
1.230000000000000000e+02 1.351079075272900998e-01
1.240000000000000000e+02 1.348796844546092388e-01
1.250000000000000000e+02 1.347179366706631742e-01
1.260000000000000000e+02 1.345488277398378951e-01
1.270000000000000000e+02 1.344162575594397835e-01
1.280000000000000000e+02 1.341588945486197615e-01
1.290000000000000000e+02 1.339306047950319933e-01
1.300000000000000000e+02 1.336424137581246063e-01
1.310000000000000000e+02 1.335233754773582082e-01
1.320000000000000000e+02 1.333972816598870681e-01
1.330000000000000000e+02 1.332851234290369224e-01
1.340000000000000000e+02 1.330724013781004467e-01
1.350000000000000000e+02 1.326404850655758527e-01
1.360000000000000000e+02 1.324834258341076321e-01
1.370000000000000000e+02 1.320335973757932324e-01
1.380000000000000000e+02 1.318959723909234605e-01
1.390000000000000000e+02 1.316618015006101594e-01
1.400000000000000000e+02 1.315389979589898228e-01
1.410000000000000000e+02 1.315001308528730151e-01
1.420000000000000000e+02 1.313569021767157785e-01
1.430000000000000000e+02 1.313003334372685738e-01
1.440000000000000000e+02 1.312024578251897167e-01
1.450000000000000000e+02 1.310911846750366372e-01
1.460000000000000000e+02 1.309170421480317370e-01
1.470000000000000000e+02 1.307250948727534667e-01
1.480000000000000000e+02 1.306306694503916177e-01
1.490000000000000000e+02 1.305477801061516729e-01
1.500000000000000000e+02 1.304481247035059188e-01
1.510000000000000000e+02 1.302796197817667201e-01
1.520000000000000000e+02 1.300725936966838636e-01
1.530000000000000000e+02 1.299291381654137101e-01
1.540000000000000000e+02 1.298296393641577839e-01
1.550000000000000000e+02 1.296451911773225385e-01
1.560000000000000000e+02 1.295783786422128325e-01
1.570000000000000000e+02 1.294546199924382635e-01
