2.312716228435065247e-01
-1.141798630405933684e-01
-4.596544598740371357e-01
8.458136238511675398e-01
4.232023501856444492e-01
1.240550124134130794e+00
2.252254295827463171e+00
-9.975998511848311878e-01
-1.123521344870493710e+00
9.538223201707984877e-01
1.147208609151997294e+00
5.956371937780527981e-01
3.531842401290055555e+00
7.034750533951202867e-01
5.180303247005327849e-01
8.035384173613037140e-01
2.119053069848698012e+00
1.963704577193795542e-01
3.787554464897883166e-01
-1.040397225734884579e+00
-3.685405158969605188e-01
5.882580112147969276e-01
-3.862477369309750275e-01
6.419966343089160421e-02
3.721992978916908168e+00
5.254409265427539832e-01
1.839444550798902567e+00
1.096798697985514437e+00
7.769171132460659379e-01
-4.611430950441306464e-01
1.031028376134777380e+00
9.562159264913171475e-01
