1.208450418770325774e+00
9.216683730794590357e-01
5.833353705891271002e-01
1.794744195279025512e+00
4.832839049869766535e-02
1.994212926244447182e-01
-1.328067425603849161e+00
1.012721924018531894e+00
1.035766349354515781e-01
4.718941507181863559e-01
4.484790453751716921e-01
1.751857699707571658e+00
-1.640238707586771705e+00
9.070524089322946626e-01
1.335041515475847429e-01
7.609386659767010119e-01
1.791199902029266822e+00
1.025557411974845623e+00
2.346873421975916862e+00
1.186683196261527629e+00
1.587608996641743930e+00
8.389988490119582032e-02
2.280615679749715408e-01
1.048348303412934390e+00
2.728021796912584729e-01
-4.989285565984254434e-01
1.168716111899308491e-01
1.458592188981728377e+00
5.855627930057714092e-01
-6.778537223393931166e-01
1.507367434121860139e-01
2.267879449598273478e-01
3.409654114286368998e-01
1.420620671502752064e+00
9.614953339608884875e-01
-1.141654297212679470e-01
