1.000000000000000000e+00 4.696738864410859304e-01
2.000000000000000000e+00 3.148386667942062456e-01
3.000000000000000000e+00 2.792592711818469020e-01
4.000000000000000000e+00 2.541029460616127666e-01
5.000000000000000000e+00 2.468330814540937446e-01
6.000000000000000000e+00 2.441110690396267602e-01
7.000000000000000000e+00 2.417213690595357845e-01
8.000000000000000000e+00 2.396857456967527167e-01
9.000000000000000000e+00 2.368265874287073525e-01
1.000000000000000000e+01 2.359511756072232291e-01
1.100000000000000000e+01 2.355575487195711581e-01
1.200000000000000000e+01 2.354700140808357045e-01
1.300000000000000000e+01 2.349078629414574348e-01
1.400000000000000000e+01 2.343369151377233672e-01
1.500000000000000000e+01 2.337792349993591812e-01
1.600000000000000000e+01 2.331619293009289384e-01
1.700000000000000000e+01 2.326043973948938581e-01
1.800000000000000000e+01 2.317613999039609129e-01
1.900000000000000000e+01 2.305198831440716800e-01
2.000000000000000000e+01 2.290740847617746823e-01
2.100000000000000000e+01 2.280360343546706525e-01
2.200000000000000000e+01 2.266366316478258258e-01
2.300000000000000000e+01 2.240994254395490826e-01
2.400000000000000000e+01 2.225767552723169618e-01
2.500000000000000000e+01 2.201692185526656909e-01
2.600000000000000000e+01 2.183336688264746472e-01
2.700000000000000000e+01 2.140564174094796435e-01
2.800000000000000000e+01 2.114888652242238043e-01
2.900000000000000000e+01 2.108027707590761357e-01
3.000000000000000000e+01 2.089622844604630825e-01
3.100000000000000000e+01 2.085895718839785307e-01
3.200000000000000000e+01 2.076649369766883080e-01
3.300000000000000000e+01 2.058570863881562796e-01
3.400000000000000000e+01 2.043182144416950119e-01
3.500000000000000000e+01 2.021880144200042528e-01
3.600000000000000000e+01 2.000702002144975344e-01
3.700000000000000000e+01 1.979402804954790429e-01
3.800000000000000000e+01 1.967231546536804820e-01
3.900000000000000000e+01 1.949772114643854581e-01
4.000000000000000000e+01 1.926505872461667657e-01
4.100000000000000000e+01 1.909597646813652461e-01
4.200000000000000000e+01 1.898994003189309887e-01
4.300000000000000000e+01 1.890704518036533943e-01
4.400000000000000000e+01 1.877798028467581315e-01
4.500000000000000000e+01 1.867917243720738918e-01
4.600000000000000000e+01 1.854387801208308151e-01
4.700000000000000000e+01 1.847903871302882528e-01
4.800000000000000000e+01 1.837309155352587486e-01
4.900000000000000000e+01 1.833402676401893194e-01
5.000000000000000000e+01 1.820842703972549992e-01
5.100000000000000000e+01 1.817813544482787813e-01
5.200000000000000000e+01 1.809439531412816438e-01
5.300000000000000000e+01 1.806289576555530629e-01
5.400000000000000000e+01 1.802338760556531083e-01
5.500000000000000000e+01 1.791149101019713641e-01
5.600000000000000000e+01 1.784561723339816997e-01
5.700000000000000000e+01 1.781731913226559105e-01
5.800000000000000000e+01 1.777136527824146883e-01
5.900000000000000000e+01 1.775614487650794548e-01
6.000000000000000000e+01 1.773305643061365566e-01
6.100000000000000000e+01 1.772329833769586693e-01
6.200000000000000000e+01 1.770561057494990931e-01
6.300000000000000000e+01 1.768254413109789092e-01
6.400000000000000000e+01 1.766768200107938502e-01
6.500000000000000000e+01 1.763776395161963939e-01
6.600000000000000000e+01 1.762065248949838681e-01
6.700000000000000000e+01 1.760765409643418600e-01
6.800000000000000000e+01 1.758259166260417727e-01
6.900000000000000000e+01 1.754974981014548741e-01
7.000000000000000000e+01 1.750692414849188694e-01
7.100000000000000000e+01 1.744578809014356302e-01
7.200000000000000000e+01 1.740485823542441968e-01
7.300000000000000000e+01 1.732801569376969941e-01
7.400000000000000000e+01 1.725372582798315457e-01
7.500000000000000000e+01 1.723120946977335088e-01
7.600000000000000000e+01 1.721454809590293455e-01
7.700000000000000000e+01 1.715319763776591289e-01
7.800000000000000000e+01 1.712475163285609725e-01
7.900000000000000000e+01 1.709798043052364602e-01
8.000000000000000000e+01 1.703245605891832715e-01
8.100000000000000000e+01 1.700002462863971497e-01
8.200000000000000000e+01 1.696083306322268280e-01
8.300000000000000000e+01 1.692546838641059703e-01
8.400000000000000000e+01 1.690647285896125784e-01
8.500000000000000000e+01 1.688486711383322125e-01
8.600000000000000000e+01 1.684339907777264445e-01
8.700000000000000000e+01 1.680858893142585242e-01
8.800000000000000000e+01 1.676402380527321212e-01
8.900000000000000000e+01 1.673846631568204069e-01
9.000000000000000000e+01 1.671435874830327628e-01
9.100000000000000000e+01 1.668930254393773405e-01
9.200000000000000000e+01 1.667163764188355213e-01
9.300000000000000000e+01 1.664229894146065647e-01
9.400000000000000000e+01 1.662768692800190296e-01
9.500000000000000000e+01 1.660614198893352322e-01
9.600000000000000000e+01 1.659329587889852020e-01
9.700000000000000000e+01 1.657991250874384648e-01
9.800000000000000000e+01 1.657013818753443335e-01
9.900000000000000000e+01 1.656214097932101892e-01
1.000000000000000000e+02 1.653902671686463266e-01
1.010000000000000000e+02 1.651742503576385246e-01
1.020000000000000000e+02 1.650072630826973641e-01
1.030000000000000000e+02 1.648965294759935363e-01
1.040000000000000000e+02 1.648435626643108554e-01
1.050000000000000000e+02 1.647817413422386912e-01
1.060000000000000000e+02 1.647413519550666172e-01
1.070000000000000000e+02 1.646401651877411332e-01
1.080000000000000000e+02 1.645821829110814538e-01
1.090000000000000000e+02 1.644338237206643405e-01
1.100000000000000000e+02 1.642205351298699212e-01
1.110000000000000000e+02 1.640806027059869276e-01
1.120000000000000000e+02 1.639989958892148769e-01
1.130000000000000000e+02 1.638812637439646114e-01
1.140000000000000000e+02 1.637228989442362226e-01
1.150000000000000000e+02 1.635877762832032845e-01
1.160000000000000000e+02 1.634495466206022374e-01
1.170000000000000000e+02 1.633341307154912436e-01
1.180000000000000000e+02 1.631576054637138284e-01
1.190000000000000000e+02 1.630605807154241194e-01
1.200000000000000000e+02 1.629473782322146402e-01
1.210000000000000000e+02 1.628011992334107427e-01
1.220000000000000000e+02 1.626459543273456876e-01
1.230000000000000000e+02 1.624762023273257638e-01
1.240000000000000000e+02 1.623559404697935415e-01
1.250000000000000000e+02 1.621356016884358264e-01
1.260000000000000000e+02 1.619111029316087635e-01
1.270000000000000000e+02 1.616168594770655553e-01
1.280000000000000000e+02 1.614445059554742434e-01
1.290000000000000000e+02 1.610679242764533059e-01
1.300000000000000000e+02 1.608693637653056674e-01
1.310000000000000000e+02 1.606938813681401124e-01
1.320000000000000000e+02 1.603138424168280840e-01
1.330000000000000000e+02 1.599352780107236027e-01
1.340000000000000000e+02 1.594795257528961174e-01
1.350000000000000000e+02 1.592365834764344901e-01
1.360000000000000000e+02 1.589735355703014996e-01
1.370000000000000000e+02 1.584602009967304437e-01
1.380000000000000000e+02 1.577372534237667656e-01
1.390000000000000000e+02 1.569910075045494180e-01
1.400000000000000000e+02 1.561881347071152337e-01
1.410000000000000000e+02 1.551209048375060684e-01
1.420000000000000000e+02 1.543621771439551149e-01
1.430000000000000000e+02 1.536586628884155092e-01
1.440000000000000000e+02 1.527552214549607323e-01
1.450000000000000000e+02 1.510002990993550842e-01
1.460000000000000000e+02 1.502245014447712856e-01
1.470000000000000000e+02 1.494274520013801621e-01
1.480000000000000000e+02 1.487635020529661511e-01
1.490000000000000000e+02 1.483812087155841897e-01
1.500000000000000000e+02 1.477157621654469621e-01
1.510000000000000000e+02 1.471856149409072612e-01
1.520000000000000000e+02 1.464107969379770946e-01
1.530000000000000000e+02 1.461486664723888607e-01
1.540000000000000000e+02 1.451672462081762538e-01
1.550000000000000000e+02 1.446985736045060533e-01
1.560000000000000000e+02 1.439693052545973073e-01
1.570000000000000000e+02 1.434043468176201819e-01
1.580000000000000000e+02 1.423842431396890318e-01
1.590000000000000000e+02 1.417920994786718569e-01
1.600000000000000000e+02 1.413179421119303836e-01
1.610000000000000000e+02 1.409826756320539942e-01
1.620000000000000000e+02 1.405871947450937631e-01
1.630000000000000000e+02 1.400885416999623212e-01
1.640000000000000000e+02 1.394849023545945976e-01
1.650000000000000000e+02 1.392714154417049321e-01
1.660000000000000000e+02 1.390188648036508046e-01
1.670000000000000000e+02 1.387668956823877309e-01
1.680000000000000000e+02 1.382447077933276203e-01
1.690000000000000000e+02 1.379381712085027412e-01
1.700000000000000000e+02 1.375815779772838199e-01
1.710000000000000000e+02 1.373295666946490745e-01
1.720000000000000000e+02 1.370942198688471225e-01
1.730000000000000000e+02 1.366271053791742185e-01
1.740000000000000000e+02 1.362277797697454274e-01
1.750000000000000000e+02 1.358704607082890092e-01
1.760000000000000000e+02 1.355799437579149613e-01
1.770000000000000000e+02 1.354167066984072465e-01
1.780000000000000000e+02 1.352035049729667648e-01
1.790000000000000000e+02 1.349956881828514865e-01
1.800000000000000000e+02 1.347542348005055790e-01
1.810000000000000000e+02 1.345690858551913949e-01
1.820000000000000000e+02 1.343365442249364883e-01
1.830000000000000000e+02 1.341881830641891427e-01
1.840000000000000000e+02 1.340651492375229403e-01
1.850000000000000000e+02 1.338516765868989211e-01
1.860000000000000000e+02 1.336655733948640956e-01
1.870000000000000000e+02 1.334630674888022672e-01
1.880000000000000000e+02 1.331794243625943341e-01
1.890000000000000000e+02 1.328973240276008216e-01
1.900000000000000000e+02 1.326049625453256109e-01
1.910000000000000000e+02 1.323449106301853861e-01
1.920000000000000000e+02 1.322807877506938512e-01
1.930000000000000000e+02 1.319720861417295055e-01
1.940000000000000000e+02 1.318863393417239460e-01
1.950000000000000000e+02 1.317277861375618364e-01
1.960000000000000000e+02 1.315366407687415251e-01
1.970000000000000000e+02 1.313465932347558374e-01
1.980000000000000000e+02 1.311635236314146469e-01
1.990000000000000000e+02 1.310186446399289883e-01
2.000000000000000000e+02 1.308481553520767227e-01
2.010000000000000000e+02 1.306085498383375287e-01
2.020000000000000000e+02 1.302892226055794300e-01
2.030000000000000000e+02 1.297968574157772059e-01
