-5.041485463985330429e-02
-2.154533132130998396e+00
2.117292726838626571e+00
2.628822964300261855e+00
1.446829950512454221e+00
1.845675812526890391e+00
1.938917630235339917e+00
4.162220796010180357e-01
-1.403495351143627001e+00
1.693887522195748563e+00
-1.488163591634692917e+00
4.659711971339592473e+00
-7.753770108803068606e-01
8.772992446044229897e-01
2.014867216725611254e-01
1.150096984404828104e-01
2.762703894594888521e+00
3.833282796073762544e-01
7.698915873531568810e-01
-6.856678748644700061e-01
1.708925924230542126e+00
-4.773735585750736865e-01
1.575043239494606784e+00
3.299771749521839825e-01
