1.000000000000000000e+00 8.095515976526578006e-02
2.000000000000000000e+00 2.325167634153812654e-02
3.000000000000000000e+00 1.101123330644905238e-02
4.000000000000000000e+00 8.488591304291494971e-03
5.000000000000000000e+00 4.083200891366869575e-03
6.000000000000000000e+00 2.700486538118110607e-03
7.000000000000000000e+00 2.040238478073456464e-03
8.000000000000000000e+00 1.778756133934741813e-03
9.000000000000000000e+00 1.690922087305871385e-03
1.000000000000000000e+01 1.663936752689072719e-03
1.100000000000000000e+01 1.647590371431864207e-03
1.200000000000000000e+01 1.623065682657348976e-03
1.300000000000000000e+01 1.609508079587786394e-03
1.400000000000000000e+01 1.606213500857863862e-03
1.500000000000000000e+01 1.601456287154639276e-03
1.600000000000000000e+01 1.598636172269583215e-03
1.700000000000000000e+01 1.597906844316781053e-03
1.800000000000000000e+01 1.597809210642035446e-03
1.900000000000000000e+01 1.597765906007237672e-03
2.000000000000000000e+01 1.597692166851273632e-03
2.100000000000000000e+01 1.597491536543811045e-03
2.200000000000000000e+01 1.597205654374516792e-03
2.300000000000000000e+01 1.596947564696746648e-03
2.400000000000000000e+01 1.596827361871329442e-03
2.500000000000000000e+01 1.596769211704592061e-03
2.600000000000000000e+01 1.596663295443789127e-03
2.700000000000000000e+01 1.596344017898927974e-03
2.800000000000000000e+01 1.595531407531932972e-03
2.900000000000000000e+01 1.593643157541675725e-03
3.000000000000000000e+01 1.592170328115294440e-03
3.100000000000000000e+01 1.589653195129929909e-03
3.200000000000000000e+01 1.584600417416604998e-03
3.300000000000000000e+01 1.579992887024815910e-03
3.400000000000000000e+01 1.576422110327434971e-03
3.500000000000000000e+01 1.567061612088919932e-03
3.600000000000000000e+01 1.554452216110185957e-03
3.700000000000000000e+01 1.552492515404312046e-03
3.800000000000000000e+01 1.538016866854739588e-03
3.900000000000000000e+01 1.531620930755883203e-03
4.000000000000000000e+01 1.521880067993356365e-03
4.100000000000000000e+01 1.518553560128514928e-03
4.200000000000000000e+01 1.513084237158687046e-03
4.300000000000000000e+01 1.511569793841106065e-03
4.400000000000000000e+01 1.510526458036552579e-03
4.500000000000000000e+01 1.509455895182523853e-03
4.600000000000000000e+01 1.507391611634923551e-03
4.700000000000000000e+01 1.499650218592574104e-03
4.800000000000000000e+01 1.487287098081966274e-03
4.900000000000000000e+01 1.478367144910487435e-03
5.000000000000000000e+01 1.457995089473848160e-03
5.100000000000000000e+01 1.433891633544273755e-03
5.200000000000000000e+01 1.400454523789943038e-03
5.300000000000000000e+01 1.320695269855817148e-03
5.400000000000000000e+01 1.249146487092582438e-03
5.500000000000000000e+01 1.136499609487017295e-03
5.600000000000000000e+01 1.014627624422017281e-03
5.700000000000000000e+01 9.840678256535857933e-04
5.800000000000000000e+01 9.563159868894773735e-04
5.900000000000000000e+01 9.414419950084902070e-04
6.000000000000000000e+01 9.274835106558045311e-04
6.100000000000000000e+01 9.102639207611614575e-04
6.200000000000000000e+01 9.083231568329091241e-04
6.300000000000000000e+01 9.065526453583617247e-04
6.400000000000000000e+01 9.051873617241534570e-04
6.500000000000000000e+01 9.043137545427894827e-04
6.600000000000000000e+01 9.029493133521050100e-04
6.700000000000000000e+01 9.022920045836053731e-04
6.800000000000000000e+01 9.017747188261341848e-04
6.900000000000000000e+01 9.009892752304930622e-04
7.000000000000000000e+01 8.998274391288687548e-04
7.100000000000000000e+01 8.982259149646889748e-04
7.200000000000000000e+01 8.951283944791124875e-04
7.300000000000000000e+01 8.946853052917522631e-04
7.400000000000000000e+01 8.944223674905745066e-04
7.500000000000000000e+01 8.942909584519988155e-04
7.600000000000000000e+01 8.940866799096131934e-04
7.700000000000000000e+01 8.937606182083783230e-04
7.800000000000000000e+01 8.929276441222520205e-04
7.900000000000000000e+01 8.917738701063323637e-04
8.000000000000000000e+01 8.895716641884989298e-04
8.100000000000000000e+01 8.874170724964848805e-04
8.200000000000000000e+01 8.846341898030780134e-04
8.300000000000000000e+01 8.824849771548431542e-04
8.400000000000000000e+01 8.802112580448002554e-04
8.500000000000000000e+01 8.785549042804964353e-04
8.600000000000000000e+01 8.754518599483144528e-04
8.700000000000000000e+01 8.728285357273133944e-04
8.800000000000000000e+01 8.715249922848771359e-04
8.900000000000000000e+01 8.705866183535834139e-04
9.000000000000000000e+01 8.696815776359981395e-04
9.100000000000000000e+01 8.692301663914931645e-04
9.200000000000000000e+01 8.687016852660866487e-04
9.300000000000000000e+01 8.680105928792500401e-04
9.400000000000000000e+01 8.675455483887435431e-04
9.500000000000000000e+01 8.669596090597920125e-04
9.600000000000000000e+01 8.667075214397575644e-04
9.700000000000000000e+01 8.661731622660441641e-04
9.800000000000000000e+01 8.657906455386785724e-04
9.900000000000000000e+01 8.655161291547102407e-04
1.000000000000000000e+02 8.653092722518323848e-04
1.010000000000000000e+02 8.651963383854461166e-04
1.020000000000000000e+02 8.650756950752006100e-04
1.030000000000000000e+02 8.646791453333234258e-04
1.040000000000000000e+02 8.641934857852662591e-04
1.050000000000000000e+02 8.636707989266209076e-04
1.060000000000000000e+02 8.630371966612610446e-04
1.070000000000000000e+02 8.627959920318109413e-04
1.080000000000000000e+02 8.624099752069732967e-04
1.090000000000000000e+02 8.617457102191863286e-04
1.100000000000000000e+02 8.605482706728258832e-04
1.110000000000000000e+02 8.603143900965684815e-04
1.120000000000000000e+02 8.599258359292738171e-04
1.130000000000000000e+02 8.596810068537562213e-04
1.140000000000000000e+02 8.595289938368126789e-04
1.150000000000000000e+02 8.594138620133678647e-04
1.160000000000000000e+02 8.593407997191332501e-04
1.170000000000000000e+02 8.592393723268020164e-04
1.180000000000000000e+02 8.591466170648528588e-04
1.190000000000000000e+02 8.590595800518196351e-04
1.200000000000000000e+02 8.589995344348644660e-04
1.210000000000000000e+02 8.588902931010013262e-04
1.220000000000000000e+02 8.588001372526228453e-04
1.230000000000000000e+02 8.583909917187183217e-04
1.240000000000000000e+02 8.577949463462405683e-04
1.250000000000000000e+02 8.573371791525931590e-04
1.260000000000000000e+02 8.559225636692256159e-04
1.270000000000000000e+02 8.516915546535617013e-04
1.280000000000000000e+02 8.489448844625138843e-04
1.290000000000000000e+02 8.468486114608344195e-04
1.300000000000000000e+02 8.450293981211868047e-04
1.310000000000000000e+02 8.413232177074476048e-04
1.320000000000000000e+02 8.361946254045853890e-04
1.330000000000000000e+02 8.322253084668655709e-04
1.340000000000000000e+02 8.264379806326250860e-04
1.350000000000000000e+02 8.245369710350909393e-04
1.360000000000000000e+02 8.235864578854589987e-04
1.370000000000000000e+02 8.214655634992377867e-04
1.380000000000000000e+02 8.172856723653478114e-04
1.390000000000000000e+02 8.157202149186536504e-04
1.400000000000000000e+02 8.141182852427306538e-04
1.410000000000000000e+02 8.089378702391235168e-04
1.420000000000000000e+02 8.071083103055015206e-04
1.430000000000000000e+02 7.993901463081978451e-04
1.440000000000000000e+02 7.953285352317523505e-04
1.450000000000000000e+02 7.899013041891289350e-04
1.460000000000000000e+02 7.856222913133929309e-04
1.470000000000000000e+02 7.671556671883658033e-04
1.480000000000000000e+02 7.586885307963070653e-04
1.490000000000000000e+02 7.295000341060477438e-04
1.500000000000000000e+02 7.065994694582012920e-04
1.510000000000000000e+02 6.721233097526818938e-04
1.520000000000000000e+02 6.401293211073051572e-04
1.530000000000000000e+02 6.111002603190415512e-04
1.540000000000000000e+02 5.990185600323720289e-04
1.550000000000000000e+02 5.886529918865269616e-04
1.560000000000000000e+02 5.741627186631184047e-04
1.570000000000000000e+02 5.496077705799678071e-04
1.580000000000000000e+02 5.363828847583951981e-04
1.590000000000000000e+02 5.259603260531309048e-04
1.600000000000000000e+02 5.190915335921747389e-04
1.610000000000000000e+02 5.117331807249975769e-04
1.620000000000000000e+02 5.037174105054127455e-04
1.630000000000000000e+02 4.864583882643582695e-04
1.640000000000000000e+02 4.770514018648566962e-04
1.650000000000000000e+02 4.658960417241618177e-04
1.660000000000000000e+02 4.523997461201887749e-04
1.670000000000000000e+02 4.295655065096476715e-04
1.680000000000000000e+02 4.084486246084564312e-04
1.690000000000000000e+02 3.880863852439637345e-04
1.700000000000000000e+02 3.620290998573129425e-04
1.710000000000000000e+02 3.503270239877126361e-04
1.720000000000000000e+02 3.273936678243954349e-04
1.730000000000000000e+02 3.092560231023798673e-04
1.740000000000000000e+02 2.849591480402870539e-04
1.750000000000000000e+02 2.431958496815743182e-04
1.760000000000000000e+02 2.324747260593686984e-04
1.770000000000000000e+02 2.253801718861667450e-04
1.780000000000000000e+02 2.239179101991233109e-04
1.790000000000000000e+02 2.225702369269722414e-04
1.800000000000000000e+02 2.198354601146839684e-04
1.810000000000000000e+02 2.110303330672738383e-04
1.820000000000000000e+02 1.986259597071796828e-04
1.830000000000000000e+02 1.927025531941250016e-04
1.840000000000000000e+02 1.828432356082519000e-04
1.850000000000000000e+02 1.786645797978947089e-04
1.860000000000000000e+02 1.770735194682805961e-04
1.870000000000000000e+02 1.746646660501394329e-04
1.880000000000000000e+02 1.716700980597923160e-04
1.890000000000000000e+02 1.681190528912835237e-04
1.900000000000000000e+02 1.641800389704182995e-04
1.910000000000000000e+02 1.604199637188088805e-04
1.920000000000000000e+02 1.587857627152416777e-04
1.930000000000000000e+02 1.545895651876155199e-04
1.940000000000000000e+02 1.535016796891005273e-04
1.950000000000000000e+02 1.530395653027294823e-04
1.960000000000000000e+02 1.525898232754234322e-04
1.970000000000000000e+02 1.520148813329828970e-04
1.980000000000000000e+02 1.518575147472196545e-04
1.990000000000000000e+02 1.509413409757988963e-04
2.000000000000000000e+02 1.503383447955081674e-04
2.010000000000000000e+02 1.483942730455357418e-04
2.020000000000000000e+02 1.459385164611058943e-04
2.030000000000000000e+02 1.453097551932964755e-04
2.040000000000000000e+02 1.443211002858061785e-04
2.050000000000000000e+02 1.432885691049046010e-04
2.060000000000000000e+02 1.427217157452131025e-04
2.070000000000000000e+02 1.384982946824273053e-04
2.080000000000000000e+02 1.363921966166307368e-04
2.090000000000000000e+02 1.344563618752572462e-04
2.100000000000000000e+02 1.320658624732181730e-04
2.110000000000000000e+02 1.305453453903791436e-04
2.120000000000000000e+02 1.253443496341345492e-04
2.130000000000000000e+02 1.235372245788426710e-04
2.140000000000000000e+02 1.228975692712505944e-04
2.150000000000000000e+02 1.224398941375100290e-04
2.160000000000000000e+02 1.217657686571830666e-04
2.170000000000000000e+02 1.214673244626056218e-04
2.180000000000000000e+02 1.213155408376843431e-04
2.190000000000000000e+02 1.212667418670188940e-04
2.200000000000000000e+02 1.211584177965712865e-04
2.210000000000000000e+02 1.210418656997949938e-04
2.220000000000000000e+02 1.208751127232477525e-04
2.230000000000000000e+02 1.208461799078259429e-04
2.240000000000000000e+02 1.206605749821086377e-04
2.250000000000000000e+02 1.206413306443634233e-04
2.260000000000000000e+02 1.206216740308215500e-04
2.270000000000000000e+02 1.206109907816283703e-04
2.280000000000000000e+02 1.206091128834714608e-04
