1.000000000000000000e+00 3.255634345430362675e-01
2.000000000000000000e+00 3.133950166409996130e-01
3.000000000000000000e+00 2.661607604683878248e-01
4.000000000000000000e+00 2.515919992300927333e-01
5.000000000000000000e+00 2.441021290874268723e-01
6.000000000000000000e+00 2.230360403282049542e-01
7.000000000000000000e+00 2.185671438473400507e-01
8.000000000000000000e+00 2.046079810284737732e-01
9.000000000000000000e+00 1.880109063598204566e-01
1.000000000000000000e+01 1.792413557701775795e-01
1.100000000000000000e+01 1.678907822345798717e-01
1.200000000000000000e+01 1.616077886605516989e-01
1.300000000000000000e+01 1.583533335629566940e-01
1.400000000000000000e+01 1.581619139884267167e-01
1.500000000000000000e+01 1.577156065365714066e-01
1.600000000000000000e+01 1.576707962674689378e-01
1.700000000000000000e+01 1.571973762043678002e-01
1.800000000000000000e+01 1.568133187616659874e-01
1.900000000000000000e+01 1.564405881234022244e-01
2.000000000000000000e+01 1.563712496308033162e-01
2.100000000000000000e+01 1.563594176684802162e-01
2.200000000000000000e+01 1.563434574795453391e-01
2.300000000000000000e+01 1.563023144342815529e-01
2.400000000000000000e+01 1.562376845035721717e-01
2.500000000000000000e+01 1.561458912351847139e-01
2.600000000000000000e+01 1.560977036388588868e-01
2.700000000000000000e+01 1.560471864187570612e-01
2.800000000000000000e+01 1.552575337510839482e-01
2.900000000000000000e+01 1.552400347471372122e-01
3.000000000000000000e+01 1.544181442337362320e-01
3.100000000000000000e+01 1.532217776798570630e-01
3.200000000000000000e+01 1.516458405815730159e-01
3.300000000000000000e+01 1.495604315485500324e-01
3.400000000000000000e+01 1.469156984993347792e-01
3.500000000000000000e+01 1.451263560070691072e-01
3.600000000000000000e+01 1.396161348196668928e-01
3.700000000000000000e+01 1.362624942468770861e-01
3.800000000000000000e+01 1.304313303351674891e-01
3.900000000000000000e+01 1.283879962189708457e-01
4.000000000000000000e+01 1.259075239033284610e-01
4.100000000000000000e+01 1.221591352918427048e-01
4.200000000000000000e+01 1.194250336301767718e-01
4.300000000000000000e+01 1.171738832620230902e-01
4.400000000000000000e+01 1.152077212546311624e-01
4.500000000000000000e+01 1.115228437493046565e-01
4.600000000000000000e+01 1.061905285863739418e-01
4.700000000000000000e+01 9.886121332992978128e-02
4.800000000000000000e+01 8.934006144751624467e-02
4.900000000000000000e+01 8.467942870381736653e-02
5.000000000000000000e+01 8.134356973322080797e-02
5.100000000000000000e+01 7.881194596023875787e-02
5.200000000000000000e+01 7.699304539041053330e-02
5.300000000000000000e+01 7.569723395668324917e-02
5.400000000000000000e+01 7.426185522696869545e-02
5.500000000000000000e+01 7.337594335166638948e-02
5.600000000000000000e+01 7.205650505520558302e-02
5.700000000000000000e+01 7.129025854305746923e-02
5.800000000000000000e+01 7.072930793443886477e-02
5.900000000000000000e+01 7.041100957860148279e-02
6.000000000000000000e+01 7.000006753933027404e-02
6.100000000000000000e+01 6.977185896618097460e-02
6.200000000000000000e+01 6.957667226948237305e-02
6.300000000000000000e+01 6.953013016319319062e-02
6.400000000000000000e+01 6.944377565143784736e-02
6.500000000000000000e+01 6.937818965461568788e-02
6.600000000000000000e+01 6.924455188119887916e-02
6.700000000000000000e+01 6.906193501788510103e-02
6.800000000000000000e+01 6.897740810345701079e-02
6.900000000000000000e+01 6.893325258952195944e-02
7.000000000000000000e+01 6.891052432048797027e-02
7.100000000000000000e+01 6.890451562044154488e-02
7.200000000000000000e+01 6.889663061729453530e-02
7.300000000000000000e+01 6.888569283329135096e-02
7.400000000000000000e+01 6.887650241601259160e-02
7.500000000000000000e+01 6.886638048404450374e-02
7.600000000000000000e+01 6.885157420290038965e-02
7.700000000000000000e+01 6.883044553325831649e-02
7.800000000000000000e+01 6.879328082738769834e-02
7.900000000000000000e+01 6.876450771665103268e-02
8.000000000000000000e+01 6.871607104413271494e-02
8.100000000000000000e+01 6.868994046995262337e-02
8.200000000000000000e+01 6.865437460425029281e-02
8.300000000000000000e+01 6.859903874903486298e-02
8.400000000000000000e+01 6.856538446700385925e-02
8.500000000000000000e+01 6.853234740184131757e-02
8.600000000000000000e+01 6.847703367545307507e-02
8.700000000000000000e+01 6.846104855470094841e-02
8.800000000000000000e+01 6.838376381367206047e-02
8.900000000000000000e+01 6.836020953395621769e-02
9.000000000000000000e+01 6.831363651421379357e-02
9.100000000000000000e+01 6.826890494792851871e-02
9.200000000000000000e+01 6.823048379814275477e-02
9.300000000000000000e+01 6.818938342807888409e-02
9.400000000000000000e+01 6.817282320972734011e-02
9.500000000000000000e+01 6.816539032995780345e-02
9.600000000000000000e+01 6.815655425476066509e-02
9.700000000000000000e+01 6.813406672191031632e-02
9.800000000000000000e+01 6.810893218508917712e-02
9.900000000000000000e+01 6.808464143314037209e-02
1.000000000000000000e+02 6.806200787867103252e-02
1.010000000000000000e+02 6.805672943411204823e-02
1.020000000000000000e+02 6.805070699353871211e-02
1.030000000000000000e+02 6.804693065369718519e-02
1.040000000000000000e+02 6.803745237073009766e-02
1.050000000000000000e+02 6.800817602811448648e-02
1.060000000000000000e+02 6.797208722496364541e-02
1.070000000000000000e+02 6.790045920119359979e-02
1.080000000000000000e+02 6.785721469784640469e-02
1.090000000000000000e+02 6.777932549047017974e-02
1.100000000000000000e+02 6.761999408892351016e-02
1.110000000000000000e+02 6.741507382183395403e-02
1.120000000000000000e+02 6.728728261266112010e-02
1.130000000000000000e+02 6.709877445834851184e-02
1.140000000000000000e+02 6.699730020715191636e-02
1.150000000000000000e+02 6.688143896648153508e-02
1.160000000000000000e+02 6.673547840779357754e-02
1.170000000000000000e+02 6.659216768350686988e-02
1.180000000000000000e+02 6.645035129711908406e-02
1.190000000000000000e+02 6.634375252625311636e-02
1.200000000000000000e+02 6.622282186589081854e-02
1.210000000000000000e+02 6.614926885170147042e-02
1.220000000000000000e+02 6.609308206370378969e-02
1.230000000000000000e+02 6.607588238224973431e-02
1.240000000000000000e+02 6.605785132366361057e-02
1.250000000000000000e+02 6.602777679305715797e-02
1.260000000000000000e+02 6.599285846954829060e-02
1.270000000000000000e+02 6.595817667177582277e-02
1.280000000000000000e+02 6.593495420494610570e-02
1.290000000000000000e+02 6.592097669274113447e-02
1.300000000000000000e+02 6.590632353850255087e-02
1.310000000000000000e+02 6.589608468480451231e-02
1.320000000000000000e+02 6.586486841231187217e-02
1.330000000000000000e+02 6.585118673986936622e-02
1.340000000000000000e+02 6.583525824284933159e-02
1.350000000000000000e+02 6.581104882380740817e-02
1.360000000000000000e+02 6.577458066123173519e-02
1.370000000000000000e+02 6.570281542044197065e-02
1.380000000000000000e+02 6.564559137551326251e-02
1.390000000000000000e+02 6.558648757013943453e-02
1.400000000000000000e+02 6.535365774390324012e-02
1.410000000000000000e+02 6.526996477956301113e-02
1.420000000000000000e+02 6.524053518701748711e-02
1.430000000000000000e+02 6.519137666051068314e-02
1.440000000000000000e+02 6.515250974851763410e-02
1.450000000000000000e+02 6.512584253346136165e-02
1.460000000000000000e+02 6.506652456871381274e-02
1.470000000000000000e+02 6.497417841942063066e-02
1.480000000000000000e+02 6.484037758741850732e-02
1.490000000000000000e+02 6.470452691439473880e-02
1.500000000000000000e+02 6.464391345204331674e-02
1.510000000000000000e+02 6.456425453045490370e-02
1.520000000000000000e+02 6.453783972547254277e-02
1.530000000000000000e+02 6.452527613787926997e-02
1.540000000000000000e+02 6.451768406756022700e-02
1.550000000000000000e+02 6.451035353109908776e-02
1.560000000000000000e+02 6.449208030188581520e-02
1.570000000000000000e+02 6.447021295634686178e-02
1.580000000000000000e+02 6.443622938569666669e-02
1.590000000000000000e+02 6.442060483553253836e-02
1.600000000000000000e+02 6.436988731833412358e-02
1.610000000000000000e+02 6.430089252431188396e-02
1.620000000000000000e+02 6.423352077033263330e-02
1.630000000000000000e+02 6.416045599315862991e-02
1.640000000000000000e+02 6.410207148186310155e-02
1.650000000000000000e+02 6.398716352367211924e-02
1.660000000000000000e+02 6.392394095209427696e-02
1.670000000000000000e+02 6.387002302803659881e-02
1.680000000000000000e+02 6.379633375573925957e-02
1.690000000000000000e+02 6.372575566228108612e-02
1.700000000000000000e+02 6.363684455542502338e-02
1.710000000000000000e+02 6.361332005776496046e-02
1.720000000000000000e+02 6.357210524179328359e-02
1.730000000000000000e+02 6.355883284364487185e-02
1.740000000000000000e+02 6.354804595698082537e-02
1.750000000000000000e+02 6.352435015060231560e-02
1.760000000000000000e+02 6.349859036518887279e-02
1.770000000000000000e+02 6.347040279489422898e-02
1.780000000000000000e+02 6.345621998415347520e-02
1.790000000000000000e+02 6.342294366983348974e-02
1.800000000000000000e+02 6.338441985055121020e-02
1.810000000000000000e+02 6.327634729969912331e-02
1.820000000000000000e+02 6.320507146722137426e-02
1.830000000000000000e+02 6.312849080926782874e-02
1.840000000000000000e+02 6.305591921792647048e-02
1.850000000000000000e+02 6.299067929815475864e-02
1.860000000000000000e+02 6.294951242821522630e-02
1.870000000000000000e+02 6.292488010858721115e-02
1.880000000000000000e+02 6.287862482112017981e-02
1.890000000000000000e+02 6.282998287771403290e-02
1.900000000000000000e+02 6.281184158072417034e-02
1.910000000000000000e+02 6.273461294801015165e-02
1.920000000000000000e+02 6.272209069713677310e-02
1.930000000000000000e+02 6.271048490060472658e-02
1.940000000000000000e+02 6.269768616843383879e-02
1.950000000000000000e+02 6.268671485123046561e-02
1.960000000000000000e+02 6.268596323328007314e-02
1.970000000000000000e+02 6.268563386335181120e-02
1.980000000000000000e+02 6.268536204022527591e-02
1.990000000000000000e+02 6.268498741861849854e-02
2.000000000000000000e+02 6.268481827316213506e-02
2.010000000000000000e+02 6.268428652314636529e-02
2.020000000000000000e+02 6.268370072936262083e-02
2.030000000000000000e+02 6.268323788166152433e-02
2.040000000000000000e+02 6.268260632662550624e-02
2.050000000000000000e+02 6.268104977796588873e-02
2.060000000000000000e+02 6.268024020722051670e-02
2.070000000000000000e+02 6.267808470797697762e-02
2.080000000000000000e+02 6.267745635997122589e-02
2.090000000000000000e+02 6.267576823988052492e-02
2.100000000000000000e+02 6.267431035892404023e-02
2.110000000000000000e+02 6.267127315269055421e-02
2.120000000000000000e+02 6.266697391741019030e-02
2.130000000000000000e+02 6.266087791313587618e-02
2.140000000000000000e+02 6.265661600401691012e-02
2.150000000000000000e+02 6.265146851760704239e-02
2.160000000000000000e+02 6.264555619722574076e-02
2.170000000000000000e+02 6.264252119450479384e-02
2.180000000000000000e+02 6.263626711868450214e-02
2.190000000000000000e+02 6.263222058596813746e-02
2.200000000000000000e+02 6.262637209137068839e-02
2.210000000000000000e+02 6.261918593155776924e-02
2.220000000000000000e+02 6.261669845312665961e-02
2.230000000000000000e+02 6.261459624479459585e-02
2.240000000000000000e+02 6.261268603366425267e-02
2.250000000000000000e+02 6.261085237338100129e-02
2.260000000000000000e+02 6.260717660099034132e-02
2.270000000000000000e+02 6.260525870936534121e-02
2.280000000000000000e+02 6.260149021350770726e-02
2.290000000000000000e+02 6.259840315964577961e-02
2.300000000000000000e+02 6.259631787850285234e-02
2.310000000000000000e+02 6.259459646871377847e-02
2.320000000000000000e+02 6.259297414086431588e-02
2.330000000000000000e+02 6.259147058909590722e-02
2.340000000000000000e+02 6.259037715887945386e-02
2.350000000000000000e+02 6.258999168951423497e-02
2.360000000000000000e+02 6.258722361393251332e-02
2.370000000000000000e+02 6.258437668697799938e-02
2.380000000000000000e+02 6.258136102936359690e-02
2.390000000000000000e+02 6.257988382930301796e-02
2.400000000000000000e+02 6.257945822775810851e-02
2.410000000000000000e+02 6.257894610250916423e-02
2.420000000000000000e+02 6.257864917721681075e-02
2.430000000000000000e+02 6.257814062203563565e-02
2.440000000000000000e+02 6.257729101029359253e-02
2.450000000000000000e+02 6.257537776609559121e-02
2.460000000000000000e+02 6.257430669582399185e-02
2.470000000000000000e+02 6.257213953301975218e-02
2.480000000000000000e+02 6.257113999956345762e-02
2.490000000000000000e+02 6.257077300976840450e-02
2.500000000000000000e+02 6.257035544429070950e-02
2.510000000000000000e+02 6.256996551895885328e-02
2.520000000000000000e+02 6.256957544869674870e-02
2.530000000000000000e+02 6.256924007817793454e-02
2.540000000000000000e+02 6.256871579762406099e-02
2.550000000000000000e+02 6.256813429668434123e-02
2.560000000000000000e+02 6.256804196099684245e-02
2.570000000000000000e+02 6.256791257050144106e-02
2.580000000000000000e+02 6.256778095130946515e-02
2.590000000000000000e+02 6.256744712461263791e-02
2.600000000000000000e+02 6.256703478274455721e-02
2.610000000000000000e+02 6.256681510627652709e-02
2.620000000000000000e+02 6.256658887255724111e-02
2.630000000000000000e+02 6.256648489240443367e-02
2.640000000000000000e+02 6.256640729995868733e-02
2.650000000000000000e+02 6.256600455645679182e-02
2.660000000000000000e+02 6.256545744730696024e-02
2.670000000000000000e+02 6.256461995768053397e-02
2.680000000000000000e+02 6.256376502443368459e-02
2.690000000000000000e+02 6.256255274642043285e-02
2.700000000000000000e+02 6.256054426666991797e-02
2.710000000000000000e+02 6.255952385549147510e-02
2.720000000000000000e+02 6.255874122274361626e-02
2.730000000000000000e+02 6.255850525696486641e-02
2.740000000000000000e+02 6.255839046462326192e-02
2.750000000000000000e+02 6.255823525530471163e-02
2.760000000000000000e+02 6.255803141324310646e-02
2.770000000000000000e+02 6.255763366514706381e-02
2.780000000000000000e+02 6.255743796307039473e-02
2.790000000000000000e+02 6.255697885106076273e-02
2.800000000000000000e+02 6.255642255820487163e-02
2.810000000000000000e+02 6.255514145751588095e-02
2.820000000000000000e+02 6.255473095672511863e-02
2.830000000000000000e+02 6.255385480133641984e-02
2.840000000000000000e+02 6.255294541733166791e-02
2.850000000000000000e+02 6.255271872925716181e-02
2.860000000000000000e+02 6.255221762054163914e-02
2.870000000000000000e+02 6.255172369441482083e-02
2.880000000000000000e+02 6.255094779297358520e-02
2.890000000000000000e+02 6.255019298710921827e-02
2.900000000000000000e+02 6.254887114156688910e-02
2.910000000000000000e+02 6.254708655818473628e-02
2.920000000000000000e+02 6.254534273695679103e-02
2.930000000000000000e+02 6.254348913091434259e-02
2.940000000000000000e+02 6.254294137755153637e-02
2.950000000000000000e+02 6.254260737291031380e-02
2.960000000000000000e+02 6.254225394139135974e-02
2.970000000000000000e+02 6.254162725478640272e-02
2.980000000000000000e+02 6.254138273936434012e-02
2.990000000000000000e+02 6.254107348440857139e-02
3.000000000000000000e+02 6.254082210196119929e-02
3.010000000000000000e+02 6.254060933353644547e-02
3.020000000000000000e+02 6.254033176952106254e-02
3.030000000000000000e+02 6.254024048955149351e-02
3.040000000000000000e+02 6.254020937636432798e-02
3.050000000000000000e+02 6.254016646960910975e-02
3.060000000000000000e+02 6.254006430776910819e-02
3.070000000000000000e+02 6.253984725734353101e-02
3.080000000000000000e+02 6.253973232957715789e-02
3.090000000000000000e+02 6.253941969521457922e-02
3.100000000000000000e+02 6.253902379957815283e-02
3.110000000000000000e+02 6.253887123639993717e-02
3.120000000000000000e+02 6.253871889465707767e-02
3.130000000000000000e+02 6.253848165955201710e-02
3.140000000000000000e+02 6.253838529798548540e-02
3.150000000000000000e+02 6.253834118743303860e-02
3.160000000000000000e+02 6.253822426994902484e-02
3.170000000000000000e+02 6.253807748524603527e-02
3.180000000000000000e+02 6.253789933186632011e-02
3.190000000000000000e+02 6.253767850972966058e-02
3.200000000000000000e+02 6.253731555420753707e-02
3.210000000000000000e+02 6.253719505858548744e-02
3.220000000000000000e+02 6.253710854914711070e-02
3.230000000000000000e+02 6.253707607693571868e-02
3.240000000000000000e+02 6.253705194018616131e-02
3.250000000000000000e+02 6.253701355490853819e-02
3.260000000000000000e+02 6.253670474844331972e-02
3.270000000000000000e+02 6.253657995653089108e-02
3.280000000000000000e+02 6.253629636211757714e-02
3.290000000000000000e+02 6.253607269726414730e-02
3.300000000000000000e+02 6.253563841090523101e-02
3.310000000000000000e+02 6.253517387254627080e-02
3.320000000000000000e+02 6.253449747856300311e-02
3.330000000000000000e+02 6.253424876141906730e-02
3.340000000000000000e+02 6.253380231490371366e-02
3.350000000000000000e+02 6.253353692554199095e-02
3.360000000000000000e+02 6.253343571166940229e-02
3.370000000000000000e+02 6.253331340971128582e-02
3.380000000000000000e+02 6.253324945841015614e-02
3.390000000000000000e+02 6.253319771709552055e-02
3.400000000000000000e+02 6.253314694274980656e-02
3.410000000000000000e+02 6.253308991001177430e-02
3.420000000000000000e+02 6.253301394688211279e-02
3.430000000000000000e+02 6.253293217575270346e-02
3.440000000000000000e+02 6.253285071631628500e-02
3.450000000000000000e+02 6.253282431522846907e-02
3.460000000000000000e+02 6.253278242488624628e-02
3.470000000000000000e+02 6.253276539547689139e-02
3.480000000000000000e+02 6.253274831089970787e-02
3.490000000000000000e+02 6.253273024028550842e-02
3.500000000000000000e+02 6.253270633118311606e-02
3.510000000000000000e+02 6.253266993600900547e-02
3.520000000000000000e+02 6.253263066562640693e-02
3.530000000000000000e+02 6.253251910522922286e-02
3.540000000000000000e+02 6.253241485359033180e-02
3.550000000000000000e+02 6.253233421831737304e-02
3.560000000000000000e+02 6.253212310693286036e-02
3.570000000000000000e+02 6.253198890950366351e-02
3.580000000000000000e+02 6.253187333528568981e-02
3.590000000000000000e+02 6.253155635768858911e-02
3.600000000000000000e+02 6.253126040008366582e-02
3.610000000000000000e+02 6.253079429216940044e-02
3.620000000000000000e+02 6.253069289249178764e-02
3.630000000000000000e+02 6.253057421640327573e-02
3.640000000000000000e+02 6.253044530317362903e-02
3.650000000000000000e+02 6.253022042881400955e-02
3.660000000000000000e+02 6.253005338125230961e-02
3.670000000000000000e+02 6.252985284564611945e-02
3.680000000000000000e+02 6.252978059926855847e-02
3.690000000000000000e+02 6.252973801295054479e-02
3.700000000000000000e+02 6.252970282793933465e-02
3.710000000000000000e+02 6.252963672988696986e-02
3.720000000000000000e+02 6.252953993971517577e-02
3.730000000000000000e+02 6.252934288925900141e-02
3.740000000000000000e+02 6.252897088978250084e-02
3.750000000000000000e+02 6.252882763025038870e-02
3.760000000000000000e+02 6.252857772222115973e-02
3.770000000000000000e+02 6.252851430917201470e-02
3.780000000000000000e+02 6.252845997949918466e-02
3.790000000000000000e+02 6.252821578799927504e-02
3.800000000000000000e+02 6.252813764438713839e-02
3.810000000000000000e+02 6.252785034298696809e-02
3.820000000000000000e+02 6.252774243347944405e-02
3.830000000000000000e+02 6.252772495814162834e-02
3.840000000000000000e+02 6.252770835416793238e-02
3.850000000000000000e+02 6.252769754320305906e-02
3.860000000000000000e+02 6.252765556122992507e-02
3.870000000000000000e+02 6.252764344445535527e-02
3.880000000000000000e+02 6.252759543267784326e-02
3.890000000000000000e+02 6.252753219507761751e-02
3.900000000000000000e+02 6.252747456615359578e-02
3.910000000000000000e+02 6.252743058133405918e-02
3.920000000000000000e+02 6.252742311763698213e-02
3.930000000000000000e+02 6.252740687735972025e-02
3.940000000000000000e+02 6.252737446936364185e-02
3.950000000000000000e+02 6.252735525219116353e-02
3.960000000000000000e+02 6.252733780391793450e-02
3.970000000000000000e+02 6.252732673681467290e-02
3.980000000000000000e+02 6.252730733264048879e-02
3.990000000000000000e+02 6.252730204932233082e-02
4.000000000000000000e+02 6.252726602482118479e-02
4.010000000000000000e+02 6.252725586800486623e-02
4.020000000000000000e+02 6.252723853572630941e-02
4.030000000000000000e+02 6.252720075510902198e-02
4.040000000000000000e+02 6.252718227266697293e-02
4.050000000000000000e+02 6.252715395774351148e-02
4.060000000000000000e+02 6.252712857701435423e-02
4.070000000000000000e+02 6.252707780399439919e-02
4.080000000000000000e+02 6.252700770502649108e-02
4.090000000000000000e+02 6.252691984880694165e-02
4.100000000000000000e+02 6.252682451045810108e-02
4.110000000000000000e+02 6.252675572087368350e-02
4.120000000000000000e+02 6.252673210442273588e-02
4.130000000000000000e+02 6.252671062057617302e-02
4.140000000000000000e+02 6.252668720766377253e-02
4.150000000000000000e+02 6.252666725242622681e-02
4.160000000000000000e+02 6.252662604036909877e-02
4.170000000000000000e+02 6.252662005418478663e-02
4.180000000000000000e+02 6.252658223821812300e-02
4.190000000000000000e+02 6.252656689817713553e-02
4.200000000000000000e+02 6.252654644017228980e-02
4.210000000000000000e+02 6.252651724550209456e-02
4.220000000000000000e+02 6.252646142663748074e-02
4.230000000000000000e+02 6.252644800826927252e-02
4.240000000000000000e+02 6.252641385504280336e-02
4.250000000000000000e+02 6.252639556762978890e-02
4.260000000000000000e+02 6.252638337580183892e-02
4.270000000000000000e+02 6.252635622479432720e-02
4.280000000000000000e+02 6.252632082647427425e-02
4.290000000000000000e+02 6.252627837941165945e-02
4.300000000000000000e+02 6.252622273808654263e-02
4.310000000000000000e+02 6.252620896471078327e-02
4.320000000000000000e+02 6.252617839178178927e-02
4.330000000000000000e+02 6.252616536997183949e-02
4.340000000000000000e+02 6.252615409095177434e-02
4.350000000000000000e+02 6.252614103018246106e-02
4.360000000000000000e+02 6.252612589375713958e-02
4.370000000000000000e+02 6.252609307710006725e-02
4.380000000000000000e+02 6.252604613674134226e-02
4.390000000000000000e+02 6.252601818003919454e-02
4.400000000000000000e+02 6.252595232623328614e-02
4.410000000000000000e+02 6.252593585530817621e-02
4.420000000000000000e+02 6.252587951582128101e-02
4.430000000000000000e+02 6.252587019629336773e-02
4.440000000000000000e+02 6.252585502362952019e-02
4.450000000000000000e+02 6.252583613080188452e-02
4.460000000000000000e+02 6.252581141594580616e-02
4.470000000000000000e+02 6.252577900717716519e-02
4.480000000000000000e+02 6.252575573675880904e-02
4.490000000000000000e+02 6.252570791333622591e-02
4.500000000000000000e+02 6.252566748021715082e-02
4.510000000000000000e+02 6.252560532810212679e-02
4.520000000000000000e+02 6.252551449665402772e-02
4.530000000000000000e+02 6.252547345101348852e-02
4.540000000000000000e+02 6.252540738189306391e-02
4.550000000000000000e+02 6.252538336893889714e-02
4.560000000000000000e+02 6.252536659561468146e-02
4.570000000000000000e+02 6.252533550234072590e-02
4.580000000000000000e+02 6.252529462552400275e-02
4.590000000000000000e+02 6.252522841756580352e-02
4.600000000000000000e+02 6.252518830999569122e-02
4.610000000000000000e+02 6.252508678060006431e-02
4.620000000000000000e+02 6.252499982052917016e-02
4.630000000000000000e+02 6.252494068937168581e-02
4.640000000000000000e+02 6.252488059144012400e-02
4.650000000000000000e+02 6.252481279006087689e-02
4.660000000000000000e+02 6.252476744390572660e-02
4.670000000000000000e+02 6.252467631815260274e-02
4.680000000000000000e+02 6.252453009336501888e-02
4.690000000000000000e+02 6.252448297091940665e-02
4.700000000000000000e+02 6.252442536702204623e-02
4.710000000000000000e+02 6.252437089361434497e-02
4.720000000000000000e+02 6.252433020146817844e-02
4.730000000000000000e+02 6.252425641433717596e-02
4.740000000000000000e+02 6.252416789214070014e-02
4.750000000000000000e+02 6.252408815924143104e-02
4.760000000000000000e+02 6.252389363009915046e-02
4.770000000000000000e+02 6.252336365341668034e-02
4.780000000000000000e+02 6.252316936078958221e-02
4.790000000000000000e+02 6.252254364966133848e-02
4.800000000000000000e+02 6.252204262690454206e-02
4.810000000000000000e+02 6.252186509987865681e-02
4.820000000000000000e+02 6.252177768363222088e-02
4.830000000000000000e+02 6.252163643629737866e-02
4.840000000000000000e+02 6.252140561542915420e-02
4.850000000000000000e+02 6.252133454327638007e-02
4.860000000000000000e+02 6.252108540094158950e-02
4.870000000000000000e+02 6.252085185059216843e-02
4.880000000000000000e+02 6.252070955276467501e-02
4.890000000000000000e+02 6.252055400945583097e-02
4.900000000000000000e+02 6.252043779984391147e-02
4.910000000000000000e+02 6.252024191611015025e-02
4.920000000000000000e+02 6.252017140572468934e-02
4.930000000000000000e+02 6.252011734373773277e-02
4.940000000000000000e+02 6.252009551366513596e-02
4.950000000000000000e+02 6.252004565456346918e-02
4.960000000000000000e+02 6.252001760890986415e-02
4.970000000000000000e+02 6.251995549319143419e-02
4.980000000000000000e+02 6.251985025722643641e-02
4.990000000000000000e+02 6.251977386015018789e-02
5.000000000000000000e+02 6.251966519968492342e-02
5.010000000000000000e+02 6.251965553934528408e-02
5.020000000000000000e+02 6.251964250917126098e-02
5.030000000000000000e+02 6.251963749816749627e-02
5.040000000000000000e+02 6.251963386629852404e-02
5.050000000000000000e+02 6.251962071985606162e-02
5.060000000000000000e+02 6.251958860035547461e-02
5.070000000000000000e+02 6.251951617047675491e-02
5.080000000000000000e+02 6.251945812737151609e-02
5.090000000000000000e+02 6.251933385926090880e-02
5.100000000000000000e+02 6.251918899983778533e-02
5.110000000000000000e+02 6.251910764300819268e-02
5.120000000000000000e+02 6.251898399946803631e-02
5.130000000000000000e+02 6.251886235386977519e-02
5.140000000000000000e+02 6.251865709723142261e-02
5.150000000000000000e+02 6.251851669912372733e-02
5.160000000000000000e+02 6.251825484767450924e-02
5.170000000000000000e+02 6.251795645829980042e-02
5.180000000000000000e+02 6.251761694829457983e-02
5.190000000000000000e+02 6.251733664977482396e-02
5.200000000000000000e+02 6.251705573584859232e-02
5.210000000000000000e+02 6.251655188567042942e-02
5.220000000000000000e+02 6.251600179858929351e-02
5.230000000000000000e+02 6.251518058058853911e-02
5.240000000000000000e+02 6.251478972840290860e-02
5.250000000000000000e+02 6.251469095603941206e-02
5.260000000000000000e+02 6.251468209094421247e-02
