1.000000000000000000e+00 1.454330477092683482e-01
2.000000000000000000e+00 6.832357436726488320e-02
3.000000000000000000e+00 2.248200158115489650e-02
4.000000000000000000e+00 1.182928219115794537e-02
5.000000000000000000e+00 8.884723065309969858e-03
6.000000000000000000e+00 5.084857611187718410e-03
7.000000000000000000e+00 3.850242472667771056e-03
8.000000000000000000e+00 3.546708305774756188e-03
9.000000000000000000e+00 3.341946786251646841e-03
1.000000000000000000e+01 3.179760606170757044e-03
1.100000000000000000e+01 3.143730222470557997e-03
1.200000000000000000e+01 3.142182969146498171e-03
1.300000000000000000e+01 3.142109771947293982e-03
1.400000000000000000e+01 3.142099807960747979e-03
