1.000000000000000000e+00 4.958301191810073894e-01
2.000000000000000000e+00 2.955154240518365616e-01
3.000000000000000000e+00 2.859489647341529883e-01
4.000000000000000000e+00 2.770098127656820952e-01
5.000000000000000000e+00 2.605204381674385283e-01
6.000000000000000000e+00 2.494499458268710501e-01
7.000000000000000000e+00 2.476406070864284326e-01
8.000000000000000000e+00 2.469915295851229931e-01
9.000000000000000000e+00 2.460409069234241741e-01
1.000000000000000000e+01 2.443889331087812089e-01
1.100000000000000000e+01 2.441890671098550236e-01
1.200000000000000000e+01 2.439744136048039302e-01
1.300000000000000000e+01 2.437120774278668245e-01
1.400000000000000000e+01 2.433371730657644949e-01
1.500000000000000000e+01 2.424190360547872902e-01
1.600000000000000000e+01 2.179704392687286663e-01
1.700000000000000000e+01 2.178125305544159340e-01
1.800000000000000000e+01 2.092040815048039071e-01
1.900000000000000000e+01 1.977695604429835496e-01
2.000000000000000000e+01 1.806987066942015718e-01
2.100000000000000000e+01 1.718330482970495399e-01
2.200000000000000000e+01 1.659790665613974925e-01
2.300000000000000000e+01 1.634365807697850392e-01
2.400000000000000000e+01 1.602291315149794448e-01
2.500000000000000000e+01 1.583954441540807445e-01
2.600000000000000000e+01 1.579173495083064371e-01
2.700000000000000000e+01 1.576795948430133876e-01
2.800000000000000000e+01 1.576252142740243445e-01
2.900000000000000000e+01 1.574253376122324855e-01
3.000000000000000000e+01 1.572006357688978673e-01
3.100000000000000000e+01 1.569950242357443793e-01
3.200000000000000000e+01 1.568893440408106743e-01
3.300000000000000000e+01 1.568049630016108975e-01
3.400000000000000000e+01 1.566732669730876715e-01
3.500000000000000000e+01 1.565663651560504077e-01
3.600000000000000000e+01 1.565171140002377947e-01
3.700000000000000000e+01 1.564763132407678281e-01
3.800000000000000000e+01 1.564181299680773574e-01
3.900000000000000000e+01 1.562530117232622529e-01
4.000000000000000000e+01 1.561615667611373492e-01
4.100000000000000000e+01 1.561203524842401380e-01
4.200000000000000000e+01 1.560828128366253675e-01
4.300000000000000000e+01 1.560656888071872972e-01
4.400000000000000000e+01 1.560515067909991060e-01
4.500000000000000000e+01 1.560315142960890245e-01
4.600000000000000000e+01 1.560211337935777931e-01
4.700000000000000000e+01 1.560105222643591860e-01
4.800000000000000000e+01 1.559967737067660676e-01
4.900000000000000000e+01 1.559795467823172355e-01
5.000000000000000000e+01 1.559673169445205121e-01
5.100000000000000000e+01 1.559641236550723675e-01
5.200000000000000000e+01 1.559625402837023223e-01
5.300000000000000000e+01 1.559606060036800301e-01
5.400000000000000000e+01 1.559600719444438344e-01
5.500000000000000000e+01 1.559588452012396487e-01
5.600000000000000000e+01 1.559568092211392754e-01
5.700000000000000000e+01 1.559532765499099805e-01
5.800000000000000000e+01 1.559515365243351326e-01
5.900000000000000000e+01 1.559494993858288325e-01
6.000000000000000000e+01 1.559486408075223818e-01
6.100000000000000000e+01 1.559479617642069993e-01
6.200000000000000000e+01 1.559470765181439345e-01
6.300000000000000000e+01 1.559459236619185896e-01
6.400000000000000000e+01 1.559414743542434645e-01
6.500000000000000000e+01 1.559385531180924322e-01
6.600000000000000000e+01 1.559338236321451687e-01
6.700000000000000000e+01 1.559267465825294463e-01
6.800000000000000000e+01 1.559153836666642978e-01
6.900000000000000000e+01 1.559034700239744498e-01
7.000000000000000000e+01 1.559014473782195376e-01
7.100000000000000000e+01 1.558992096636683256e-01
7.200000000000000000e+01 1.558972987470139404e-01
7.300000000000000000e+01 1.558946960966713646e-01
7.400000000000000000e+01 1.558930306685687717e-01
7.500000000000000000e+01 1.558911023999610956e-01
7.600000000000000000e+01 1.558879017594486938e-01
7.700000000000000000e+01 1.558837719164940794e-01
7.800000000000000000e+01 1.558812944419840363e-01
7.900000000000000000e+01 1.558805199496394456e-01
8.000000000000000000e+01 1.558799624556296004e-01
8.100000000000000000e+01 1.558792931385559188e-01
8.200000000000000000e+01 1.558789034459417133e-01
8.300000000000000000e+01 1.558785680196560497e-01
8.400000000000000000e+01 1.558783836893058439e-01
8.500000000000000000e+01 1.558783480175885694e-01
8.600000000000000000e+01 1.558782963499094898e-01
8.700000000000000000e+01 1.558782256874358396e-01
8.800000000000000000e+01 1.558781563811988125e-01
8.900000000000000000e+01 1.558780949951979189e-01
9.000000000000000000e+01 1.558780780474656735e-01
9.100000000000000000e+01 1.558780701207245767e-01
9.200000000000000000e+01 1.558780665724184833e-01
9.300000000000000000e+01 1.558780651181309318e-01
