
Figur of merit = weighted_fidelity_chi
Problem = circle
Number of qubits = 1
Number of layers = 16
Minimization method = L-BFGS-B
Random seed = 30

BEST RESULT


THETA = 
[[[-0.4325117   0.59224479  0.8554108 ]
  [-0.80493626  0.42660614  0.38540717]
  [ 0.39103173  0.23258816  1.06361134]
  [ 0.62407126  1.09554208  0.57205537]
  [ 3.11698348  0.81534837  1.54457122]
  [ 1.45857491  0.71927727  0.97277096]
  [ 0.5063342   1.25048473  0.77297163]
  [ 0.45325884  0.04414818  0.352608  ]
  [ 0.05710294  0.08161484  0.07929433]
  [ 0.23964934  0.64565462 -0.56897774]
  [-0.51120858  0.67582001  0.51540481]
  [ 0.0269352   0.48706086  0.81705138]
  [ 0.76882965  0.28584685  1.06121283]
  [ 1.68033056  0.15189974 -0.18169153]
  [-0.15595484 -0.31189328  1.00809052]
  [ 0.51007628  0.50845579 -0.38819679]]]
ALPHA = 
[[[ 0.63549663  2.00133009]
  [ 0.78150676  0.89924646]
  [ 0.00481019  0.22496494]
  [ 1.67013159 -1.12792944]
  [-0.8698684   0.0298887 ]
  [ 2.08301341 -0.13257344]
  [-2.21525633  0.00393731]
  [ 1.28417943  0.72441036]
  [ 1.09020345  1.6399877 ]
  [ 1.06563096  1.55272945]
  [-0.49677107 -0.13524335]
  [-1.4213651   1.4134882 ]
  [ 0.8084197   1.41330304]
  [-1.54547418 -1.37278568]
  [ 2.30718342 -1.5916649 ]
  [-0.68290907  0.29002364]]]
WEIGHTS = 
[[1.1037488 ]
 [1.07818059]]
chi**2 = 0.0318244225805159
acc_train = 0.995
acc_test = 0.96