-4.325117031049789951e-01
5.922447857944667104e-01
8.554107976962501692e-01
-8.049362586759220006e-01
4.266061417618233209e-01
3.854071735712443214e-01
3.910317269215788372e-01
2.325881623792575015e-01
1.063611337063745443e+00
6.240712550775465717e-01
1.095542076744642435e+00
5.720553677500606060e-01
3.116983483174898595e+00
8.153483651553127265e-01
1.544571219038304521e+00
1.458574907120454123e+00
7.192772708850498908e-01
9.727709623505936820e-01
5.063342024199594116e-01
1.250484727036572874e+00
7.729716300829104769e-01
4.532588410323550865e-01
4.414818402330583647e-02
3.526080025897423975e-01
5.710293958400893682e-02
8.161484422446439735e-02
7.929432984666397177e-02
2.396493369516742022e-01
6.456546186513907326e-01
-5.689777396635614659e-01
-5.112085759187793288e-01
6.758200140411537715e-01
5.154048093101084582e-01
2.693519649868592741e-02
4.870608559069860011e-01
8.170513777925284549e-01
7.688296478316611893e-01
2.858468510200448676e-01
1.061212834958016549e+00
1.680330564351562472e+00
1.518997372300659454e-01
-1.816915322377069264e-01
-1.559548434992811816e-01
-3.118932822989493037e-01
1.008090521853082899e+00
5.100762828079737909e-01
5.084557899373643997e-01
-3.881967865502111148e-01
