6.354966279837928056e-01
2.001330088831498433e+00
7.815067639249589915e-01
8.992464623725731077e-01
4.810192717335868250e-03
2.249649375635088544e-01
1.670131587962141007e+00
-1.127929435997664376e+00
-8.698684040691611052e-01
2.988870301244327468e-02
2.083013405394265938e+00
-1.325734434501552594e-01
-2.215256325029117956e+00
3.937309470384607948e-03
1.284179430567246705e+00
7.244103621313874308e-01
1.090203452764660241e+00
1.639987699753945982e+00
1.065630961572343383e+00
1.552729451038125319e+00
-4.967710683997674237e-01
-1.352433475868628776e-01
-1.421365097857421711e+00
1.413488199429858039e+00
8.084197023413274286e-01
1.413303036105636235e+00
-1.545474184563275344e+00
-1.372785678735152448e+00
2.307183420544730801e+00
-1.591664898596107047e+00
-6.829090715248776755e-01
2.900236409499223900e-01
