1.000000000000000000e+00 2.645942551396838205e-01
2.000000000000000000e+00 2.038325032430622907e-01
3.000000000000000000e+00 1.537063087788434201e-01
4.000000000000000000e+00 1.280082080393174782e-01
5.000000000000000000e+00 1.176814204947379539e-01
6.000000000000000000e+00 1.121593992566064374e-01
7.000000000000000000e+00 1.090448993568964714e-01
8.000000000000000000e+00 1.025517652406161412e-01
9.000000000000000000e+00 9.620370789444160353e-02
1.000000000000000000e+01 8.943861557186599809e-02
1.100000000000000000e+01 7.959436929165568386e-02
1.200000000000000000e+01 7.560192900517156978e-02
1.300000000000000000e+01 7.115916869833630032e-02
1.400000000000000000e+01 6.802583972322448491e-02
1.500000000000000000e+01 6.636537233817901837e-02
1.600000000000000000e+01 6.447298883772382971e-02
1.700000000000000000e+01 6.345788813522665328e-02
1.800000000000000000e+01 6.292515657613784175e-02
1.900000000000000000e+01 6.271650261824901484e-02
2.000000000000000000e+01 6.241468720596961284e-02
2.100000000000000000e+01 6.213610051513659277e-02
2.200000000000000000e+01 6.188925205825729359e-02
2.300000000000000000e+01 6.173008854388446764e-02
2.400000000000000000e+01 6.165747152486355381e-02
2.500000000000000000e+01 6.157226969368346375e-02
2.600000000000000000e+01 6.150755475697750746e-02
2.700000000000000000e+01 6.141034452868405352e-02
2.800000000000000000e+01 6.135961228585506272e-02
2.900000000000000000e+01 6.129179376978241556e-02
3.000000000000000000e+01 6.118403982293066368e-02
3.100000000000000000e+01 6.095961276070961665e-02
3.200000000000000000e+01 6.080118626806654825e-02
3.300000000000000000e+01 6.066259709099496022e-02
3.400000000000000000e+01 6.061233563356314274e-02
3.500000000000000000e+01 6.054960463506819240e-02
3.600000000000000000e+01 6.048530362894610768e-02
3.700000000000000000e+01 6.040322742543573209e-02
3.800000000000000000e+01 6.034464554062988345e-02
3.900000000000000000e+01 6.025164686970913008e-02
4.000000000000000000e+01 6.014365045446539576e-02
4.100000000000000000e+01 6.001980694255871357e-02
4.200000000000000000e+01 5.982866422645280458e-02
4.300000000000000000e+01 5.965141960068040539e-02
4.400000000000000000e+01 5.945452482582609666e-02
4.500000000000000000e+01 5.930047146585626372e-02
4.600000000000000000e+01 5.917775793202487145e-02
4.700000000000000000e+01 5.909537847829435253e-02
4.800000000000000000e+01 5.894030752880911189e-02
4.900000000000000000e+01 5.887168627819374528e-02
5.000000000000000000e+01 5.878064030238709659e-02
5.100000000000000000e+01 5.869934205790554999e-02
5.200000000000000000e+01 5.861654509025233245e-02
5.300000000000000000e+01 5.855624140956787460e-02
5.400000000000000000e+01 5.840750293066727938e-02
5.500000000000000000e+01 5.816906310730768359e-02
5.600000000000000000e+01 5.797141390138872002e-02
5.700000000000000000e+01 5.781794638590947999e-02
5.800000000000000000e+01 5.764875125279157048e-02
5.900000000000000000e+01 5.752296210454020675e-02
6.000000000000000000e+01 5.732869437525933004e-02
6.100000000000000000e+01 5.711155170771411993e-02
6.200000000000000000e+01 5.687685066799775396e-02
6.300000000000000000e+01 5.668155050274584217e-02
6.400000000000000000e+01 5.659602559947175121e-02
6.500000000000000000e+01 5.654564620186482149e-02
6.600000000000000000e+01 5.650253850359428232e-02
6.700000000000000000e+01 5.641318427056075946e-02
6.800000000000000000e+01 5.632264316389626324e-02
6.900000000000000000e+01 5.618360430742771333e-02
7.000000000000000000e+01 5.608444796001916394e-02
7.100000000000000000e+01 5.598879150315468761e-02
7.200000000000000000e+01 5.587731598912558384e-02
7.300000000000000000e+01 5.576039758178674005e-02
7.400000000000000000e+01 5.566572912263763329e-02
7.500000000000000000e+01 5.558138974289847378e-02
7.600000000000000000e+01 5.550171458223468468e-02
7.700000000000000000e+01 5.540114936709268634e-02
7.800000000000000000e+01 5.529313677774601310e-02
7.900000000000000000e+01 5.518709426015637465e-02
8.000000000000000000e+01 5.506181785808775264e-02
8.100000000000000000e+01 5.492381352418158891e-02
8.200000000000000000e+01 5.481966818311124340e-02
8.300000000000000000e+01 5.465387938437233500e-02
8.400000000000000000e+01 5.456651797646228791e-02
8.500000000000000000e+01 5.446575396301444466e-02
8.600000000000000000e+01 5.436713879012766704e-02
8.700000000000000000e+01 5.429676937784142648e-02
8.800000000000000000e+01 5.422171292847271368e-02
8.900000000000000000e+01 5.416754607394480558e-02
9.000000000000000000e+01 5.412255844941833011e-02
9.100000000000000000e+01 5.405475512785633263e-02
9.200000000000000000e+01 5.400919545304045527e-02
9.300000000000000000e+01 5.392119487864206751e-02
9.400000000000000000e+01 5.383156039347786193e-02
9.500000000000000000e+01 5.372827322391139637e-02
9.600000000000000000e+01 5.369309206919863769e-02
9.700000000000000000e+01 5.356103838210510282e-02
9.800000000000000000e+01 5.347765050127616798e-02
9.900000000000000000e+01 5.339000671641278700e-02
1.000000000000000000e+02 5.318204788095950292e-02
1.010000000000000000e+02 5.303806127464851666e-02
1.020000000000000000e+02 5.286257197134543173e-02
1.030000000000000000e+02 5.278382749201956242e-02
1.040000000000000000e+02 5.273381520658997068e-02
1.050000000000000000e+02 5.267737239627184875e-02
1.060000000000000000e+02 5.258990606067016904e-02
1.070000000000000000e+02 5.253613406086712900e-02
1.080000000000000000e+02 5.244153216013207330e-02
1.090000000000000000e+02 5.233319460573589155e-02
1.100000000000000000e+02 5.222743000898889126e-02
1.110000000000000000e+02 5.219378327461599021e-02
1.120000000000000000e+02 5.201910746574543026e-02
1.130000000000000000e+02 5.192186401257704170e-02
1.140000000000000000e+02 5.174310295265879822e-02
1.150000000000000000e+02 5.132516724659547114e-02
1.160000000000000000e+02 5.114551420642307611e-02
1.170000000000000000e+02 5.086340399345298108e-02
1.180000000000000000e+02 5.046863114210169143e-02
1.190000000000000000e+02 5.004856669372940298e-02
1.200000000000000000e+02 4.948719967209905257e-02
1.210000000000000000e+02 4.892494065437203582e-02
1.220000000000000000e+02 4.822376421027638194e-02
1.230000000000000000e+02 4.795750778963873973e-02
1.240000000000000000e+02 4.651442635057331798e-02
1.250000000000000000e+02 4.603595796149592689e-02
1.260000000000000000e+02 4.544478600071378410e-02
1.270000000000000000e+02 4.501209746448330690e-02
1.280000000000000000e+02 4.483024909190032326e-02
1.290000000000000000e+02 4.463444026633742873e-02
1.300000000000000000e+02 4.447736698088271268e-02
1.310000000000000000e+02 4.444622270536044417e-02
1.320000000000000000e+02 4.438123981266608314e-02
1.330000000000000000e+02 4.435041906014183799e-02
1.340000000000000000e+02 4.427561267404715034e-02
1.350000000000000000e+02 4.419540848009938933e-02
1.360000000000000000e+02 4.413315120466492630e-02
1.370000000000000000e+02 4.400897238455284133e-02
1.380000000000000000e+02 4.391578725756043605e-02
1.390000000000000000e+02 4.379356564393182411e-02
1.400000000000000000e+02 4.365797130305745788e-02
1.410000000000000000e+02 4.356298480855630428e-02
1.420000000000000000e+02 4.343807413996821076e-02
1.430000000000000000e+02 4.336976681467480388e-02
1.440000000000000000e+02 4.331641812515407003e-02
1.450000000000000000e+02 4.317495894316385197e-02
1.460000000000000000e+02 4.301459546792990585e-02
1.470000000000000000e+02 4.281594131237000112e-02
1.480000000000000000e+02 4.263249895931449374e-02
1.490000000000000000e+02 4.225116937958495883e-02
1.500000000000000000e+02 4.201779367927534203e-02
1.510000000000000000e+02 4.178507307045397495e-02
1.520000000000000000e+02 4.141007257734173608e-02
1.530000000000000000e+02 4.109353990491225461e-02
1.540000000000000000e+02 4.064877077009711875e-02
1.550000000000000000e+02 4.038580736006879002e-02
1.560000000000000000e+02 3.989474753627711423e-02
1.570000000000000000e+02 3.927986835974477120e-02
1.580000000000000000e+02 3.883042042698242602e-02
1.590000000000000000e+02 3.854011600506746654e-02
1.600000000000000000e+02 3.789199995643063867e-02
1.610000000000000000e+02 3.685563112303680972e-02
1.620000000000000000e+02 3.647358127518921661e-02
1.630000000000000000e+02 3.562644746949417129e-02
1.640000000000000000e+02 3.432648685639047570e-02
1.650000000000000000e+02 3.379107251043333981e-02
1.660000000000000000e+02 3.266706263924799847e-02
1.670000000000000000e+02 3.241288266119234096e-02
1.680000000000000000e+02 3.182442258051589729e-02
