1.703135495450599501e+00
-9.850974955412525880e-01
5.768096011686432156e-01
2.048525410896211707e-01
1.210356157615299688e+00
-1.171304185138648091e+00
2.528529080449063660e+00
-6.316681071365247702e-01
7.575078237194705633e-01
-1.629603210009489711e+00
9.391568665091588608e-01
-8.682911493756478860e-01
1.388098711479900382e+00
8.179562414941361492e-01
3.570962561905039467e-01
1.465196596702234233e+00
1.183054033492687562e+00
1.013023333332728759e+00
6.805116284211376598e-01
7.937711520297962009e-01
1.108519933634407151e+00
1.454994570204349191e+00
3.684908897606136713e-01
1.105843654339687260e-01
