1.000000000000000000e+00 2.441711208249644771e-01
2.000000000000000000e+00 1.861196360326344279e-01
3.000000000000000000e+00 1.574535395118784042e-01
4.000000000000000000e+00 1.380401455662081667e-01
5.000000000000000000e+00 1.039625613280325267e-01
6.000000000000000000e+00 8.731337045514861450e-02
7.000000000000000000e+00 7.496987666083407276e-02
8.000000000000000000e+00 6.329726622686654425e-02
9.000000000000000000e+00 5.679700157440524533e-02
1.000000000000000000e+01 5.323430957726240503e-02
1.100000000000000000e+01 5.106722348410473039e-02
1.200000000000000000e+01 4.855332393970039628e-02
1.300000000000000000e+01 4.626987748712801940e-02
1.400000000000000000e+01 4.453533145627280865e-02
1.500000000000000000e+01 4.333933505437562866e-02
1.600000000000000000e+01 4.250141239969333629e-02
1.700000000000000000e+01 4.163332288819203419e-02
1.800000000000000000e+01 4.080010107424758559e-02
1.900000000000000000e+01 4.030158623663371298e-02
2.000000000000000000e+01 3.968302044634595960e-02
2.100000000000000000e+01 3.908354385679630588e-02
2.200000000000000000e+01 3.856050509713979807e-02
2.300000000000000000e+01 3.825797210272791071e-02
2.400000000000000000e+01 3.779006335493784174e-02
2.500000000000000000e+01 3.727892461529091345e-02
2.600000000000000000e+01 3.712958567161666473e-02
2.700000000000000000e+01 3.703827298978702720e-02
2.800000000000000000e+01 3.692352676102170911e-02
2.900000000000000000e+01 3.669350186582793355e-02
3.000000000000000000e+01 3.663857215695300040e-02
3.100000000000000000e+01 3.652830217057355389e-02
3.200000000000000000e+01 3.640198697324301819e-02
3.300000000000000000e+01 3.625104658912261385e-02
3.400000000000000000e+01 3.599638252645753767e-02
3.500000000000000000e+01 3.565842682088875282e-02
3.600000000000000000e+01 3.547947050791993434e-02
3.700000000000000000e+01 3.520355650558407157e-02
3.800000000000000000e+01 3.498546706494156527e-02
3.900000000000000000e+01 3.484587008743965375e-02
4.000000000000000000e+01 3.467958230070311565e-02
4.100000000000000000e+01 3.443378098160752160e-02
4.200000000000000000e+01 3.423790123618181830e-02
4.300000000000000000e+01 3.381277798301687149e-02
4.400000000000000000e+01 3.329998224898971654e-02
4.500000000000000000e+01 3.299715834262769570e-02
4.600000000000000000e+01 3.277564429833811077e-02
4.700000000000000000e+01 3.251149156759433612e-02
4.800000000000000000e+01 3.236415583825068276e-02
4.900000000000000000e+01 3.210818056900154038e-02
5.000000000000000000e+01 3.191636227058428088e-02
5.100000000000000000e+01 3.167367739063856741e-02
5.200000000000000000e+01 3.139843372664145871e-02
5.300000000000000000e+01 3.088330971024298016e-02
5.400000000000000000e+01 3.068580120652276283e-02
5.500000000000000000e+01 3.035146564697781962e-02
5.600000000000000000e+01 3.018707313619083468e-02
5.700000000000000000e+01 3.007258968073919791e-02
5.800000000000000000e+01 2.991073603213528082e-02
5.900000000000000000e+01 2.971284288952454750e-02
6.000000000000000000e+01 2.951096104265448286e-02
6.100000000000000000e+01 2.936023506792813029e-02
6.200000000000000000e+01 2.923870972980453439e-02
6.300000000000000000e+01 2.893186875585836496e-02
6.400000000000000000e+01 2.825892615042440575e-02
6.500000000000000000e+01 2.798772888276655421e-02
6.600000000000000000e+01 2.781812453318809400e-02
6.700000000000000000e+01 2.768289236184515167e-02
6.800000000000000000e+01 2.746876975338859855e-02
6.900000000000000000e+01 2.731663336509958934e-02
7.000000000000000000e+01 2.724408721586672397e-02
7.100000000000000000e+01 2.717523832078416052e-02
7.200000000000000000e+01 2.707850944815552371e-02
7.300000000000000000e+01 2.701159363482650427e-02
7.400000000000000000e+01 2.691833504656397300e-02
7.500000000000000000e+01 2.680083155894880803e-02
7.600000000000000000e+01 2.674180797032324475e-02
7.700000000000000000e+01 2.663959759205537445e-02
7.800000000000000000e+01 2.646100483765817524e-02
7.900000000000000000e+01 2.622871643322287685e-02
8.000000000000000000e+01 2.615735933819137576e-02
8.100000000000000000e+01 2.600227411736210498e-02
8.200000000000000000e+01 2.590099301502685886e-02
8.300000000000000000e+01 2.578108394967080358e-02
8.400000000000000000e+01 2.571280109445359813e-02
8.500000000000000000e+01 2.557131450487510477e-02
8.600000000000000000e+01 2.552966912090222015e-02
8.700000000000000000e+01 2.538799311059779587e-02
8.800000000000000000e+01 2.531771192848309565e-02
8.900000000000000000e+01 2.520457025109847440e-02
9.000000000000000000e+01 2.510615983350780039e-02
9.100000000000000000e+01 2.485220944647106855e-02
9.200000000000000000e+01 2.460867120482536363e-02
9.300000000000000000e+01 2.434332291128097486e-02
9.400000000000000000e+01 2.424559650350725792e-02
9.500000000000000000e+01 2.415246216709228053e-02
9.600000000000000000e+01 2.413131940556249161e-02
9.700000000000000000e+01 2.408698042896727926e-02
9.800000000000000000e+01 2.405165802799694164e-02
9.900000000000000000e+01 2.400960240196167023e-02
1.000000000000000000e+02 2.388994408787859305e-02
1.010000000000000000e+02 2.382259873508161055e-02
1.020000000000000000e+02 2.376986084005204905e-02
1.030000000000000000e+02 2.372314294173165708e-02
1.040000000000000000e+02 2.365598691747242827e-02
1.050000000000000000e+02 2.360241447575974622e-02
1.060000000000000000e+02 2.354996659630748460e-02
1.070000000000000000e+02 2.351809318856578832e-02
1.080000000000000000e+02 2.349246839312323781e-02
1.090000000000000000e+02 2.347898410582934664e-02
1.100000000000000000e+02 2.346350273085481136e-02
1.110000000000000000e+02 2.343434286944875294e-02
1.120000000000000000e+02 2.341775414843440956e-02
1.130000000000000000e+02 2.339493471914786543e-02
1.140000000000000000e+02 2.338069563086692809e-02
1.150000000000000000e+02 2.335625553948880023e-02
1.160000000000000000e+02 2.329185851807506411e-02
1.170000000000000000e+02 2.322335311184276635e-02
1.180000000000000000e+02 2.318565263373454505e-02
1.190000000000000000e+02 2.313691714624564397e-02
1.200000000000000000e+02 2.310106922481745817e-02
1.210000000000000000e+02 2.296937043604098394e-02
1.220000000000000000e+02 2.287645419496054516e-02
1.230000000000000000e+02 2.278214799719432623e-02
1.240000000000000000e+02 2.275711656466110344e-02
1.250000000000000000e+02 2.271838737889862042e-02
1.260000000000000000e+02 2.269576218865014539e-02
1.270000000000000000e+02 2.267883965325388773e-02
1.280000000000000000e+02 2.262824853257968533e-02
1.290000000000000000e+02 2.259341037851531758e-02
1.300000000000000000e+02 2.255891071569924439e-02
1.310000000000000000e+02 2.253451981949715702e-02
1.320000000000000000e+02 2.250644695775048248e-02
1.330000000000000000e+02 2.248641970669169529e-02
1.340000000000000000e+02 2.244805876725411084e-02
1.350000000000000000e+02 2.239383974647835007e-02
1.360000000000000000e+02 2.237534600898601761e-02
1.370000000000000000e+02 2.230966021740211566e-02
1.380000000000000000e+02 2.227283561138580434e-02
1.390000000000000000e+02 2.223229952990744135e-02
1.400000000000000000e+02 2.218712110856926878e-02
1.410000000000000000e+02 2.217420844677961758e-02
1.420000000000000000e+02 2.215699492255448697e-02
1.430000000000000000e+02 2.215026049704102440e-02
1.440000000000000000e+02 2.213860090642282702e-02
1.450000000000000000e+02 2.211100879110866960e-02
1.460000000000000000e+02 2.208328051501845871e-02
1.470000000000000000e+02 2.202718046296467738e-02
1.480000000000000000e+02 2.201119900322755230e-02
1.490000000000000000e+02 2.190543219966218508e-02
1.500000000000000000e+02 2.186622749061453708e-02
1.510000000000000000e+02 2.179426637189443849e-02
1.520000000000000000e+02 2.174193465481522730e-02
1.530000000000000000e+02 2.164598117501498678e-02
1.540000000000000000e+02 2.149417076358225639e-02
1.550000000000000000e+02 2.137700529443237879e-02
1.560000000000000000e+02 2.122865223944205015e-02
1.570000000000000000e+02 2.110407134700218595e-02
1.580000000000000000e+02 2.100046385458243306e-02
1.590000000000000000e+02 2.090575674091247477e-02
1.600000000000000000e+02 2.084610414694032521e-02
1.610000000000000000e+02 2.076064030286753001e-02
1.620000000000000000e+02 2.063895814155045777e-02
1.630000000000000000e+02 2.052633976364193896e-02
1.640000000000000000e+02 2.032104015802198640e-02
1.650000000000000000e+02 2.001264395445033484e-02
1.660000000000000000e+02 1.988533709993331108e-02
1.670000000000000000e+02 1.963524476116743078e-02
1.680000000000000000e+02 1.931634338725074160e-02
1.690000000000000000e+02 1.907709520945061535e-02
1.700000000000000000e+02 1.886254157405706580e-02
1.710000000000000000e+02 1.839747537006024974e-02
1.720000000000000000e+02 1.795258150596184404e-02
1.730000000000000000e+02 1.741260650659614412e-02
1.740000000000000000e+02 1.716517092548956042e-02
1.750000000000000000e+02 1.682588961003046030e-02
1.760000000000000000e+02 1.653669670542348702e-02
1.770000000000000000e+02 1.632200127198542988e-02
1.780000000000000000e+02 1.567860101129895517e-02
1.790000000000000000e+02 1.545889799195434081e-02
1.800000000000000000e+02 1.508078763283362579e-02
1.810000000000000000e+02 1.477864213968295079e-02
1.820000000000000000e+02 1.438701449110219022e-02
1.830000000000000000e+02 1.414606458380135955e-02
1.840000000000000000e+02 1.381629305080967277e-02
1.850000000000000000e+02 1.359160137442127006e-02
1.860000000000000000e+02 1.348232438810751874e-02
1.870000000000000000e+02 1.326735963697667567e-02
1.880000000000000000e+02 1.308517139690744749e-02
1.890000000000000000e+02 1.289117998468953044e-02
1.900000000000000000e+02 1.261466659935535015e-02
1.910000000000000000e+02 1.244544513545481172e-02
1.920000000000000000e+02 1.185219178885860841e-02
1.930000000000000000e+02 1.153187500199804282e-02
1.940000000000000000e+02 1.137453158250245795e-02
1.950000000000000000e+02 1.122490639750140136e-02
1.960000000000000000e+02 1.101766158935743242e-02
1.970000000000000000e+02 1.074370342652985512e-02
1.980000000000000000e+02 1.043418360312065724e-02
1.990000000000000000e+02 9.947822928802970560e-03
2.000000000000000000e+02 9.617273393212971699e-03
2.010000000000000000e+02 9.341267896661136286e-03
2.020000000000000000e+02 9.061464350267974324e-03
2.030000000000000000e+02 8.759945220727415396e-03
2.040000000000000000e+02 8.227172685632446261e-03
2.050000000000000000e+02 7.868168728020751360e-03
2.060000000000000000e+02 7.635050882536647925e-03
2.070000000000000000e+02 7.416795902774597597e-03
2.080000000000000000e+02 7.167627056022180150e-03
2.090000000000000000e+02 6.744390846065905984e-03
2.100000000000000000e+02 6.489929306410633161e-03
2.110000000000000000e+02 6.201503370134314394e-03
2.120000000000000000e+02 5.966483267096439440e-03
2.130000000000000000e+02 5.559944523644578043e-03
2.140000000000000000e+02 5.207189369120317733e-03
2.150000000000000000e+02 5.060062319384282629e-03
2.160000000000000000e+02 4.969943654001881400e-03
2.170000000000000000e+02 4.957560513487285422e-03
2.180000000000000000e+02 4.858316356717570957e-03
2.190000000000000000e+02 4.828123944761670075e-03
2.200000000000000000e+02 4.798013204383997851e-03
2.210000000000000000e+02 4.763834390474884842e-03
2.220000000000000000e+02 4.716975157614536861e-03
2.230000000000000000e+02 4.673544653962081498e-03
2.240000000000000000e+02 4.632335252261372827e-03
2.250000000000000000e+02 4.594572810663064347e-03
2.260000000000000000e+02 4.542070172419621597e-03
2.270000000000000000e+02 4.448555768489537501e-03
2.280000000000000000e+02 4.320799971529829843e-03
2.290000000000000000e+02 4.156384410914503759e-03
2.300000000000000000e+02 3.961611318718087811e-03
2.310000000000000000e+02 3.881682506679880358e-03
2.320000000000000000e+02 3.819978873918157374e-03
2.330000000000000000e+02 3.761852569283837076e-03
2.340000000000000000e+02 3.679633791322712514e-03
2.350000000000000000e+02 3.649962655282301596e-03
2.360000000000000000e+02 3.605861298760537712e-03
2.370000000000000000e+02 3.542503136726404302e-03
2.380000000000000000e+02 3.497416508511068910e-03
2.390000000000000000e+02 3.464607851239272403e-03
2.400000000000000000e+02 3.434725974183661275e-03
2.410000000000000000e+02 3.412879054196057103e-03
2.420000000000000000e+02 3.374426300842032957e-03
2.430000000000000000e+02 3.316981799546593526e-03
2.440000000000000000e+02 3.290462387250195960e-03
2.450000000000000000e+02 3.243835407359996897e-03
2.460000000000000000e+02 3.211453124908884849e-03
2.470000000000000000e+02 3.160594729967466758e-03
2.480000000000000000e+02 3.088671916527101474e-03
2.490000000000000000e+02 3.035095655431796317e-03
2.500000000000000000e+02 2.971808699932067862e-03
2.510000000000000000e+02 2.925832594266880235e-03
2.520000000000000000e+02 2.897723930334580693e-03
2.530000000000000000e+02 2.863106076839108238e-03
2.540000000000000000e+02 2.824224935871252635e-03
2.550000000000000000e+02 2.707244962227920316e-03
2.560000000000000000e+02 2.693088236331940728e-03
2.570000000000000000e+02 2.578283199718190994e-03
2.580000000000000000e+02 2.540880537655965891e-03
2.590000000000000000e+02 2.516064272322615560e-03
2.600000000000000000e+02 2.459579387704539846e-03
2.610000000000000000e+02 2.442926390857930001e-03
2.620000000000000000e+02 2.367336322329552638e-03
2.630000000000000000e+02 2.353995706267143079e-03
2.640000000000000000e+02 2.326001360933696409e-03
2.650000000000000000e+02 2.312032761329642448e-03
2.660000000000000000e+02 2.277001517645906459e-03
2.670000000000000000e+02 2.247557455226039010e-03
2.680000000000000000e+02 2.182848298266379296e-03
2.690000000000000000e+02 2.100119181727943575e-03
2.700000000000000000e+02 1.948894490697645988e-03
2.710000000000000000e+02 1.850357273155404936e-03
2.720000000000000000e+02 1.739632386262817158e-03
2.730000000000000000e+02 1.671582892777538978e-03
2.740000000000000000e+02 1.599165904116665263e-03
2.750000000000000000e+02 1.552518329219049718e-03
2.760000000000000000e+02 1.533553721066319500e-03
2.770000000000000000e+02 1.492848878908172331e-03
2.780000000000000000e+02 1.482083707888125212e-03
2.790000000000000000e+02 1.468772499659051463e-03
2.800000000000000000e+02 1.435796534618374561e-03
2.810000000000000000e+02 1.423694281514896118e-03
2.820000000000000000e+02 1.394424421566485290e-03
2.830000000000000000e+02 1.378381005844779008e-03
2.840000000000000000e+02 1.361677923510302675e-03
2.850000000000000000e+02 1.330036186436168956e-03
2.860000000000000000e+02 1.315272578191295115e-03
2.870000000000000000e+02 1.275441448459839347e-03
2.880000000000000000e+02 1.255028402866728305e-03
2.890000000000000000e+02 1.228049976102749997e-03
2.900000000000000000e+02 1.210195347034316495e-03
2.910000000000000000e+02 1.188917122735786867e-03
2.920000000000000000e+02 1.156244327881367521e-03
2.930000000000000000e+02 1.129993991100339962e-03
2.940000000000000000e+02 1.089428652318903462e-03
2.950000000000000000e+02 1.069969383490323523e-03
2.960000000000000000e+02 1.048135572040374006e-03
2.970000000000000000e+02 1.012618330689044359e-03
2.980000000000000000e+02 9.934908157608690962e-04
2.990000000000000000e+02 9.625525855234309380e-04
3.000000000000000000e+02 9.289384507478800224e-04
3.010000000000000000e+02 9.176410768344464303e-04
3.020000000000000000e+02 8.874418398078346999e-04
3.030000000000000000e+02 8.821429737909329116e-04
