1.000000000000000000e+00 4.339926843782855870e-01
2.000000000000000000e+00 2.723505198266769622e-01
3.000000000000000000e+00 2.654684409847438697e-01
4.000000000000000000e+00 2.604241090189768348e-01
5.000000000000000000e+00 2.541735114637927451e-01
6.000000000000000000e+00 2.471108033647142488e-01
7.000000000000000000e+00 2.424030699479755580e-01
8.000000000000000000e+00 2.410392594674254374e-01
9.000000000000000000e+00 2.406456888103827019e-01
1.000000000000000000e+01 2.404040800900186514e-01
1.100000000000000000e+01 2.402931174458846075e-01
1.200000000000000000e+01 2.397949256246216521e-01
1.300000000000000000e+01 2.391713622075550827e-01
1.400000000000000000e+01 2.389151217794827919e-01
1.500000000000000000e+01 2.387830212945010466e-01
1.600000000000000000e+01 2.386566079642946370e-01
1.700000000000000000e+01 2.385499283189796427e-01
1.800000000000000000e+01 2.385342669249098102e-01
1.900000000000000000e+01 2.385083539373880623e-01
2.000000000000000000e+01 2.384596869386035600e-01
2.100000000000000000e+01 2.381871182874470416e-01
2.200000000000000000e+01 2.380801380370488607e-01
2.300000000000000000e+01 2.379954593671302632e-01
2.400000000000000000e+01 2.379377982590417107e-01
2.500000000000000000e+01 2.378284950076491322e-01
2.600000000000000000e+01 2.375198439164912800e-01
2.700000000000000000e+01 2.374823616521377634e-01
2.800000000000000000e+01 2.373062458101508898e-01
2.900000000000000000e+01 2.372756951090252697e-01
3.000000000000000000e+01 2.372483512572655662e-01
3.100000000000000000e+01 2.372068353322445144e-01
3.200000000000000000e+01 2.371326404047834346e-01
3.300000000000000000e+01 2.370784649695566182e-01
3.400000000000000000e+01 2.369366201299665797e-01
3.500000000000000000e+01 2.368382729624593230e-01
3.600000000000000000e+01 2.367115865658316054e-01
3.700000000000000000e+01 2.364470828433850313e-01
3.800000000000000000e+01 2.363713544060383198e-01
3.900000000000000000e+01 2.363259197242681964e-01
4.000000000000000000e+01 2.362654524575476533e-01
4.100000000000000000e+01 2.362029361529700833e-01
4.200000000000000000e+01 2.361636153321435561e-01
4.300000000000000000e+01 2.360978296343116400e-01
4.400000000000000000e+01 2.360134814017518790e-01
4.500000000000000000e+01 2.359293657555077695e-01
4.600000000000000000e+01 2.356340820023845317e-01
4.700000000000000000e+01 2.355706155220478604e-01
4.800000000000000000e+01 2.353217943181790950e-01
4.900000000000000000e+01 2.352045346410989446e-01
5.000000000000000000e+01 2.350546229412580623e-01
5.100000000000000000e+01 2.348439907038105678e-01
5.200000000000000000e+01 2.346558353835532240e-01
5.300000000000000000e+01 2.343950087034890883e-01
5.400000000000000000e+01 2.337841410273789888e-01
5.500000000000000000e+01 2.334264067687927824e-01
5.600000000000000000e+01 2.332763958410710436e-01
5.700000000000000000e+01 2.330585213107984610e-01
5.800000000000000000e+01 2.329268716938917572e-01
5.900000000000000000e+01 2.327450777424494854e-01
6.000000000000000000e+01 2.324113868218832812e-01
6.100000000000000000e+01 2.320818462165846197e-01
6.200000000000000000e+01 2.318956061021296422e-01
6.300000000000000000e+01 2.315692566005080888e-01
6.400000000000000000e+01 2.312293365223415664e-01
6.500000000000000000e+01 2.310356953744100994e-01
6.600000000000000000e+01 2.307125037254508793e-01
6.700000000000000000e+01 2.303723887066286558e-01
6.800000000000000000e+01 2.301083391698699188e-01
6.900000000000000000e+01 2.298177450392906718e-01
7.000000000000000000e+01 2.296023385641420556e-01
7.100000000000000000e+01 2.289727849023836248e-01
7.200000000000000000e+01 2.281890168604937541e-01
7.300000000000000000e+01 2.278678197780028558e-01
7.400000000000000000e+01 2.273028008002868361e-01
7.500000000000000000e+01 2.260259743525368792e-01
7.600000000000000000e+01 2.247377109615175395e-01
7.700000000000000000e+01 2.235592459716358726e-01
7.800000000000000000e+01 2.180526356383858944e-01
7.900000000000000000e+01 2.169569892359478058e-01
8.000000000000000000e+01 2.158436467910474221e-01
8.100000000000000000e+01 2.136559031387317009e-01
8.200000000000000000e+01 2.129729738514274939e-01
8.300000000000000000e+01 2.124134033870411775e-01
8.400000000000000000e+01 2.113013573434663062e-01
8.500000000000000000e+01 2.109848456090285818e-01
8.600000000000000000e+01 2.104239504316303966e-01
8.700000000000000000e+01 2.100085174092659879e-01
8.800000000000000000e+01 2.098991912756622558e-01
8.900000000000000000e+01 2.098509576105485053e-01
9.000000000000000000e+01 2.097109916640921279e-01
9.100000000000000000e+01 2.094722053576968668e-01
9.200000000000000000e+01 2.093535169651584427e-01
9.300000000000000000e+01 2.092065768850939755e-01
9.400000000000000000e+01 2.091585738052836874e-01
9.500000000000000000e+01 2.090819756201596769e-01
9.600000000000000000e+01 2.090043938438836957e-01
9.700000000000000000e+01 2.089661291339586779e-01
9.800000000000000000e+01 2.087800673220290559e-01
9.900000000000000000e+01 2.086696705717089595e-01
1.000000000000000000e+02 2.085456343418259084e-01
1.010000000000000000e+02 2.085073753236884597e-01
1.020000000000000000e+02 2.084472979596578013e-01
1.030000000000000000e+02 2.083881045550668165e-01
1.040000000000000000e+02 2.083609078893743360e-01
1.050000000000000000e+02 2.082996340932312396e-01
1.060000000000000000e+02 2.082760766762021265e-01
1.070000000000000000e+02 2.082045492594147840e-01
1.080000000000000000e+02 2.081144142370594252e-01
1.090000000000000000e+02 2.080325866505231269e-01
1.100000000000000000e+02 2.079954845116050444e-01
1.110000000000000000e+02 2.079272539044523527e-01
1.120000000000000000e+02 2.078318891886314357e-01
1.130000000000000000e+02 2.077514440167419763e-01
1.140000000000000000e+02 2.076106926082127990e-01
1.150000000000000000e+02 2.074555591448383474e-01
1.160000000000000000e+02 2.070013155999782251e-01
1.170000000000000000e+02 2.068700805831736045e-01
1.180000000000000000e+02 2.067585502715224566e-01
1.190000000000000000e+02 2.066728627392881712e-01
1.200000000000000000e+02 2.066188586543417083e-01
1.210000000000000000e+02 2.064753051343914680e-01
1.220000000000000000e+02 2.063462379145542258e-01
1.230000000000000000e+02 2.061486411275456621e-01
1.240000000000000000e+02 2.059429403481994603e-01
1.250000000000000000e+02 2.058140864361140410e-01
1.260000000000000000e+02 2.056532835344955512e-01
1.270000000000000000e+02 2.055649867864202951e-01
1.280000000000000000e+02 2.055124888154153118e-01
1.290000000000000000e+02 2.053742861745709303e-01
1.300000000000000000e+02 2.052024566242199866e-01
1.310000000000000000e+02 2.050504912484223119e-01
1.320000000000000000e+02 2.049143824640886624e-01
1.330000000000000000e+02 2.047577827312561660e-01
1.340000000000000000e+02 2.046252979135472216e-01
1.350000000000000000e+02 2.043503499632528253e-01
1.360000000000000000e+02 2.041799248216268070e-01
1.370000000000000000e+02 2.039011085622031427e-01
1.380000000000000000e+02 2.036448611031765332e-01
1.390000000000000000e+02 2.034071551754493834e-01
1.400000000000000000e+02 2.033391198329327909e-01
1.410000000000000000e+02 2.031104612090575412e-01
1.420000000000000000e+02 2.030575905365559486e-01
1.430000000000000000e+02 2.029698446428103986e-01
1.440000000000000000e+02 2.027943353257161685e-01
1.450000000000000000e+02 2.025297540741223534e-01
1.460000000000000000e+02 2.021830612157554108e-01
1.470000000000000000e+02 2.020611714527936753e-01
1.480000000000000000e+02 2.019368657149301916e-01
1.490000000000000000e+02 2.018322462200677347e-01
1.500000000000000000e+02 2.016380878279652455e-01
1.510000000000000000e+02 2.015375914965965576e-01
1.520000000000000000e+02 2.012565520146111508e-01
1.530000000000000000e+02 2.010800973253265289e-01
1.540000000000000000e+02 2.009507444194097714e-01
1.550000000000000000e+02 2.008648618323138346e-01
1.560000000000000000e+02 2.008130548323420750e-01
1.570000000000000000e+02 2.007613237412665397e-01
1.580000000000000000e+02 2.006511381642685499e-01
1.590000000000000000e+02 2.006098321032379894e-01
1.600000000000000000e+02 2.005382655639486034e-01
1.610000000000000000e+02 2.004914361739414952e-01
1.620000000000000000e+02 2.004389997280458247e-01
1.630000000000000000e+02 2.003536757954828829e-01
1.640000000000000000e+02 2.002663974818831016e-01
1.650000000000000000e+02 2.001209959341560540e-01
1.660000000000000000e+02 2.000429983171738701e-01
1.670000000000000000e+02 1.999545842385642702e-01
1.680000000000000000e+02 1.998895049239687027e-01
1.690000000000000000e+02 1.998026653507414263e-01
1.700000000000000000e+02 1.997707465606606558e-01
1.710000000000000000e+02 1.997259450712452200e-01
1.720000000000000000e+02 1.996694854328657787e-01
1.730000000000000000e+02 1.996108991810805200e-01
1.740000000000000000e+02 1.995699109062903098e-01
1.750000000000000000e+02 1.994861994069040967e-01
1.760000000000000000e+02 1.994246284326625096e-01
1.770000000000000000e+02 1.993617932867233211e-01
1.780000000000000000e+02 1.993080345507414197e-01
1.790000000000000000e+02 1.992077204993442374e-01
1.800000000000000000e+02 1.990185695171738378e-01
1.810000000000000000e+02 1.988240595736469607e-01
1.820000000000000000e+02 1.984035235182700641e-01
1.830000000000000000e+02 1.981565591746120569e-01
1.840000000000000000e+02 1.976816880438143909e-01
1.850000000000000000e+02 1.970483552819509432e-01
1.860000000000000000e+02 1.965434354435659225e-01
1.870000000000000000e+02 1.959831137756393449e-01
1.880000000000000000e+02 1.956702929133389279e-01
1.890000000000000000e+02 1.953416610013918586e-01
1.900000000000000000e+02 1.951084657470144312e-01
1.910000000000000000e+02 1.945264290840239274e-01
1.920000000000000000e+02 1.936060720092980525e-01
1.930000000000000000e+02 1.929150992356772620e-01
1.940000000000000000e+02 1.923940251123027190e-01
1.950000000000000000e+02 1.911617532426987953e-01
1.960000000000000000e+02 1.908338869017436601e-01
1.970000000000000000e+02 1.904745776060227103e-01
1.980000000000000000e+02 1.901798730191853748e-01
1.990000000000000000e+02 1.898536417371496920e-01
2.000000000000000000e+02 1.894282625654771235e-01
2.010000000000000000e+02 1.888269094237336465e-01
2.020000000000000000e+02 1.885471838342952233e-01
2.030000000000000000e+02 1.884826127394324535e-01
2.040000000000000000e+02 1.883714393004455034e-01
2.050000000000000000e+02 1.883217266800073508e-01
2.060000000000000000e+02 1.882472773415233280e-01
2.070000000000000000e+02 1.881949196255970347e-01
2.080000000000000000e+02 1.881297514988848063e-01
2.090000000000000000e+02 1.880127685461021048e-01
2.100000000000000000e+02 1.877960179760476689e-01
2.110000000000000000e+02 1.876152517178923118e-01
2.120000000000000000e+02 1.873419256933987198e-01
2.130000000000000000e+02 1.872591646553233846e-01
2.140000000000000000e+02 1.871872062925282743e-01
2.150000000000000000e+02 1.871490326281537164e-01
2.160000000000000000e+02 1.871274625148405257e-01
2.170000000000000000e+02 1.870854995889687789e-01
2.180000000000000000e+02 1.870368246017072855e-01
2.190000000000000000e+02 1.869560275898262680e-01
2.200000000000000000e+02 1.869098021917245944e-01
2.210000000000000000e+02 1.868746551937985612e-01
2.220000000000000000e+02 1.868507627813396910e-01
2.230000000000000000e+02 1.868152424178837478e-01
2.240000000000000000e+02 1.867929433573718712e-01
2.250000000000000000e+02 1.867636698848839372e-01
2.260000000000000000e+02 1.867360111470772466e-01
2.270000000000000000e+02 1.866851874405497380e-01
2.280000000000000000e+02 1.866174958830433828e-01
2.290000000000000000e+02 1.865416771450435773e-01
2.300000000000000000e+02 1.864712595861032218e-01
2.310000000000000000e+02 1.864194073191247636e-01
2.320000000000000000e+02 1.863912173062174937e-01
2.330000000000000000e+02 1.863576605733039404e-01
2.340000000000000000e+02 1.863121968165702136e-01
2.350000000000000000e+02 1.862972468590643194e-01
2.360000000000000000e+02 1.862724254612017627e-01
2.370000000000000000e+02 1.862183475644663966e-01
2.380000000000000000e+02 1.861577359609268290e-01
2.390000000000000000e+02 1.860680972031836244e-01
2.400000000000000000e+02 1.860122764349904645e-01
2.410000000000000000e+02 1.858989067106577020e-01
2.420000000000000000e+02 1.858269651260891497e-01
2.430000000000000000e+02 1.857555901024514344e-01
2.440000000000000000e+02 1.856968461582347851e-01
2.450000000000000000e+02 1.856032436225892868e-01
2.460000000000000000e+02 1.855638234285835741e-01
2.470000000000000000e+02 1.855468444985016174e-01
2.480000000000000000e+02 1.855181213164047715e-01
2.490000000000000000e+02 1.854153435826062790e-01
2.500000000000000000e+02 1.852996177124499599e-01
2.510000000000000000e+02 1.851301795412815532e-01
2.520000000000000000e+02 1.849970043440241629e-01
2.530000000000000000e+02 1.849379921625795009e-01
2.540000000000000000e+02 1.849168455465185767e-01
2.550000000000000000e+02 1.848966169207488519e-01
2.560000000000000000e+02 1.848726005507116132e-01
2.570000000000000000e+02 1.848295079253656215e-01
2.580000000000000000e+02 1.848117281627887076e-01
2.590000000000000000e+02 1.847841355769352378e-01
2.600000000000000000e+02 1.847763268037250772e-01
2.610000000000000000e+02 1.847678001837838868e-01
2.620000000000000000e+02 1.847594874221561712e-01
2.630000000000000000e+02 1.847427814335073637e-01
2.640000000000000000e+02 1.847249375837359264e-01
2.650000000000000000e+02 1.847077393033669801e-01
2.660000000000000000e+02 1.846772987932430998e-01
2.670000000000000000e+02 1.846365394650059111e-01
2.680000000000000000e+02 1.845860293194545310e-01
2.690000000000000000e+02 1.845481322003128810e-01
2.700000000000000000e+02 1.845359863447753324e-01
2.710000000000000000e+02 1.845302917030796630e-01
2.720000000000000000e+02 1.845241880522378031e-01
2.730000000000000000e+02 1.845134245343368895e-01
2.740000000000000000e+02 1.844988579788287009e-01
2.750000000000000000e+02 1.844902003042704075e-01
2.760000000000000000e+02 1.844816839028011191e-01
2.770000000000000000e+02 1.844748683114161014e-01
2.780000000000000000e+02 1.844667507350784552e-01
2.790000000000000000e+02 1.844539927125835033e-01
2.800000000000000000e+02 1.844509951778263990e-01
2.810000000000000000e+02 1.844432824314924946e-01
2.820000000000000000e+02 1.844383488753671974e-01
2.830000000000000000e+02 1.844283498726538850e-01
2.840000000000000000e+02 1.844192183669756402e-01
2.850000000000000000e+02 1.844110011583664499e-01
2.860000000000000000e+02 1.844078319901575336e-01
2.870000000000000000e+02 1.843984248835218720e-01
2.880000000000000000e+02 1.843824947662938141e-01
2.890000000000000000e+02 1.843756058207680626e-01
2.900000000000000000e+02 1.843583879805559822e-01
2.910000000000000000e+02 1.843531313681479877e-01
2.920000000000000000e+02 1.843344837339923603e-01
2.930000000000000000e+02 1.843319087126087941e-01
2.940000000000000000e+02 1.843260302060894529e-01
2.950000000000000000e+02 1.843127178115263887e-01
2.960000000000000000e+02 1.842941715430276295e-01
2.970000000000000000e+02 1.842484262728780464e-01
2.980000000000000000e+02 1.842042768726573909e-01
2.990000000000000000e+02 1.841681628060008735e-01
3.000000000000000000e+02 1.841516044357038306e-01
3.010000000000000000e+02 1.841469212722006421e-01
3.020000000000000000e+02 1.841425068936143328e-01
3.030000000000000000e+02 1.841342785755515632e-01
3.040000000000000000e+02 1.841312998372368892e-01
3.050000000000000000e+02 1.841266865399683317e-01
3.060000000000000000e+02 1.841221062570461975e-01
3.070000000000000000e+02 1.841187481261360448e-01
3.080000000000000000e+02 1.841141623034563968e-01
3.090000000000000000e+02 1.841044977890214929e-01
3.100000000000000000e+02 1.840980600567710124e-01
3.110000000000000000e+02 1.840861390677560328e-01
3.120000000000000000e+02 1.840793821624798210e-01
3.130000000000000000e+02 1.840755301119402221e-01
3.140000000000000000e+02 1.840707590756804346e-01
3.150000000000000000e+02 1.840664193121964998e-01
3.160000000000000000e+02 1.840621010635559163e-01
3.170000000000000000e+02 1.840562489090886156e-01
3.180000000000000000e+02 1.840507165696037839e-01
3.190000000000000000e+02 1.840479751348403914e-01
3.200000000000000000e+02 1.840426930935754879e-01
3.210000000000000000e+02 1.840359192365265129e-01
3.220000000000000000e+02 1.840348431968375220e-01
3.230000000000000000e+02 1.840314554443671091e-01
3.240000000000000000e+02 1.840306170779627271e-01
3.250000000000000000e+02 1.840271290430083861e-01
3.260000000000000000e+02 1.840253893093453663e-01
3.270000000000000000e+02 1.840233345774314466e-01
3.280000000000000000e+02 1.840220695967354214e-01
3.290000000000000000e+02 1.840208934047037337e-01
3.300000000000000000e+02 1.840181901220701854e-01
3.310000000000000000e+02 1.840129926088832357e-01
3.320000000000000000e+02 1.840070021783465348e-01
3.330000000000000000e+02 1.839998391842744829e-01
3.340000000000000000e+02 1.839961954925318777e-01
3.350000000000000000e+02 1.839920290773627565e-01
3.360000000000000000e+02 1.839876387979293149e-01
3.370000000000000000e+02 1.839845065196356877e-01
3.380000000000000000e+02 1.839833062399789387e-01
3.390000000000000000e+02 1.839803078547787851e-01
3.400000000000000000e+02 1.839782720207075450e-01
3.410000000000000000e+02 1.839758668275852105e-01
3.420000000000000000e+02 1.839723057649783056e-01
3.430000000000000000e+02 1.839679014436972349e-01
3.440000000000000000e+02 1.839634684694831102e-01
3.450000000000000000e+02 1.839581724829142950e-01
3.460000000000000000e+02 1.839525276909939333e-01
3.470000000000000000e+02 1.839454512724980895e-01
3.480000000000000000e+02 1.839218706735264441e-01
3.490000000000000000e+02 1.838969441561550955e-01
3.500000000000000000e+02 1.838851728297882238e-01
3.510000000000000000e+02 1.838709479331106511e-01
3.520000000000000000e+02 1.838658813054443175e-01
3.530000000000000000e+02 1.838574533835267144e-01
3.540000000000000000e+02 1.838497045780442818e-01
3.550000000000000000e+02 1.838399002256184689e-01
3.560000000000000000e+02 1.838270824555069960e-01
3.570000000000000000e+02 1.838197239530789118e-01
3.580000000000000000e+02 1.838134768408198338e-01
