1.000000000000000000e+00 1.652914422154519100e-02
2.000000000000000000e+00 7.955841241838063418e-03
3.000000000000000000e+00 5.001228026399755569e-03
4.000000000000000000e+00 4.038339127384223994e-03
5.000000000000000000e+00 3.634962420756941703e-03
6.000000000000000000e+00 3.409829991422340563e-03
7.000000000000000000e+00 3.335166401482052984e-03
8.000000000000000000e+00 3.224968329814221438e-03
9.000000000000000000e+00 3.189912692741605441e-03
1.000000000000000000e+01 3.164969274508820738e-03
1.100000000000000000e+01 3.148262738995525993e-03
1.200000000000000000e+01 3.143607513624714460e-03
1.300000000000000000e+01 3.142294548449969804e-03
1.400000000000000000e+01 3.142256943567958531e-03
1.500000000000000000e+01 3.142100539066402295e-03
