1.000000000000000000e+00 2.423709973747881496e-01
2.000000000000000000e+00 1.881674950023869419e-01
3.000000000000000000e+00 1.469487523763527148e-01
4.000000000000000000e+00 1.377508609442841814e-01
5.000000000000000000e+00 1.326576610819297786e-01
6.000000000000000000e+00 1.198536521605792493e-01
7.000000000000000000e+00 1.069380745466769200e-01
8.000000000000000000e+00 9.926664731642867445e-02
9.000000000000000000e+00 9.194557514535565967e-02
1.000000000000000000e+01 8.454632180832476196e-02
1.100000000000000000e+01 8.293716053149985390e-02
1.200000000000000000e+01 8.190489332009870393e-02
1.300000000000000000e+01 8.154729194703355666e-02
1.400000000000000000e+01 8.131042902338007916e-02
1.500000000000000000e+01 8.012249666301379802e-02
1.600000000000000000e+01 7.918391966792041881e-02
1.700000000000000000e+01 7.785853080342819421e-02
1.800000000000000000e+01 7.696442606831407907e-02
1.900000000000000000e+01 7.621719919440457514e-02
2.000000000000000000e+01 7.576585060180861253e-02
2.100000000000000000e+01 7.565769065002887761e-02
2.200000000000000000e+01 7.552796999127105171e-02
2.300000000000000000e+01 7.544519556476299293e-02
2.400000000000000000e+01 7.531702626179739846e-02
2.500000000000000000e+01 7.522800584616802511e-02
2.600000000000000000e+01 7.517777938029300555e-02
2.700000000000000000e+01 7.507513000643938061e-02
2.800000000000000000e+01 7.495702236975888832e-02
2.900000000000000000e+01 7.485321582822876407e-02
3.000000000000000000e+01 7.463132920199383458e-02
3.100000000000000000e+01 7.455760862675248068e-02
3.200000000000000000e+01 7.451371209563144304e-02
3.300000000000000000e+01 7.448231883254130548e-02
3.400000000000000000e+01 7.447627444201709856e-02
3.500000000000000000e+01 7.446822316486458038e-02
3.600000000000000000e+01 7.446664092493246456e-02
3.700000000000000000e+01 7.445810099873116650e-02
3.800000000000000000e+01 7.445662970102515099e-02
3.900000000000000000e+01 7.445535641725994913e-02
4.000000000000000000e+01 7.445119026207573654e-02
4.100000000000000000e+01 7.444761017648626744e-02
4.200000000000000000e+01 7.444453738112781493e-02
4.300000000000000000e+01 7.444201877216663488e-02
4.400000000000000000e+01 7.444036121297620268e-02
4.500000000000000000e+01 7.443889762712947722e-02
4.600000000000000000e+01 7.443787515140072586e-02
4.700000000000000000e+01 7.443754546306129150e-02
4.800000000000000000e+01 7.443652356736921161e-02
4.900000000000000000e+01 7.443606569326241540e-02
5.000000000000000000e+01 7.443511711917555340e-02
5.100000000000000000e+01 7.443435736511108680e-02
5.200000000000000000e+01 7.443397007487197181e-02
5.300000000000000000e+01 7.443388298241440659e-02
5.400000000000000000e+01 7.443355254780041619e-02
5.500000000000000000e+01 7.443331663847051194e-02
5.600000000000000000e+01 7.443290669379379332e-02
5.700000000000000000e+01 7.443248288127515822e-02
5.800000000000000000e+01 7.443223597175252504e-02
5.900000000000000000e+01 7.443181772698913290e-02
6.000000000000000000e+01 7.443138054093000056e-02
6.100000000000000000e+01 7.443098998352785933e-02
6.200000000000000000e+01 7.443069745262732850e-02
6.300000000000000000e+01 7.443055925516764426e-02
6.400000000000000000e+01 7.443046156729542229e-02
6.500000000000000000e+01 7.443034535624133696e-02
6.600000000000000000e+01 7.443025383841264664e-02
6.700000000000000000e+01 7.443015669602752460e-02
6.800000000000000000e+01 7.443008985547726331e-02
6.900000000000000000e+01 7.442999890951855491e-02
7.000000000000000000e+01 7.442997847009659440e-02
7.100000000000000000e+01 7.442994816282583193e-02
7.200000000000000000e+01 7.442993918004500720e-02
7.300000000000000000e+01 7.442993063570192691e-02
7.400000000000000000e+01 7.442992897732880753e-02
