1.000000000000000000e+00 2.836457900469542270e-01
2.000000000000000000e+00 2.626519365891705204e-01
3.000000000000000000e+00 2.347086164956980747e-01
4.000000000000000000e+00 2.152456083097495643e-01
5.000000000000000000e+00 2.097993391691512499e-01
6.000000000000000000e+00 2.069548651087751157e-01
7.000000000000000000e+00 2.054327564798581196e-01
8.000000000000000000e+00 2.030929665442742504e-01
9.000000000000000000e+00 2.023376112365007640e-01
1.000000000000000000e+01 2.019070598349091972e-01
1.100000000000000000e+01 2.016205444163501337e-01
1.200000000000000000e+01 2.012729124082006660e-01
1.300000000000000000e+01 2.010703279146516531e-01
1.400000000000000000e+01 2.009867248800087103e-01
1.500000000000000000e+01 2.009251645821493459e-01
1.600000000000000000e+01 2.008200574920805670e-01
1.700000000000000000e+01 2.007712723359236506e-01
1.800000000000000000e+01 2.007191274900357036e-01
1.900000000000000000e+01 2.006714990438922819e-01
2.000000000000000000e+01 2.005712711030198658e-01
2.100000000000000000e+01 2.004339737882932515e-01
2.200000000000000000e+01 2.003270741361942442e-01
2.300000000000000000e+01 2.000693067470502851e-01
2.400000000000000000e+01 1.998044033410169007e-01
2.500000000000000000e+01 1.994735617530010718e-01
2.600000000000000000e+01 1.994072191291983154e-01
2.700000000000000000e+01 1.992658626713220416e-01
2.800000000000000000e+01 1.991822292868140609e-01
2.900000000000000000e+01 1.991363680961973914e-01
3.000000000000000000e+01 1.990097428385646239e-01
3.100000000000000000e+01 1.988574744502246694e-01
3.200000000000000000e+01 1.987760658150509729e-01
3.300000000000000000e+01 1.987047008843779716e-01
3.400000000000000000e+01 1.986458785035046526e-01
3.500000000000000000e+01 1.985938373803288193e-01
3.600000000000000000e+01 1.985241223755438988e-01
3.700000000000000000e+01 1.984764219811306074e-01
3.800000000000000000e+01 1.984033513288236128e-01
3.900000000000000000e+01 1.983585132634507198e-01
4.000000000000000000e+01 1.983333317621380487e-01
4.100000000000000000e+01 1.983033649498731066e-01
4.200000000000000000e+01 1.982527732452245284e-01
4.300000000000000000e+01 1.982177897173838521e-01
4.400000000000000000e+01 1.981917121543637639e-01
4.500000000000000000e+01 1.981506850769177708e-01
4.600000000000000000e+01 1.981248988788573140e-01
4.700000000000000000e+01 1.980922567220030905e-01
4.800000000000000000e+01 1.980758888639706228e-01
4.900000000000000000e+01 1.980216655621159227e-01
5.000000000000000000e+01 1.979504855004792230e-01
5.100000000000000000e+01 1.978932174611991723e-01
5.200000000000000000e+01 1.977710941450926407e-01
5.300000000000000000e+01 1.977180431965730734e-01
5.400000000000000000e+01 1.976850044577337928e-01
5.500000000000000000e+01 1.976368502871170274e-01
5.600000000000000000e+01 1.975498054418957927e-01
5.700000000000000000e+01 1.975133282986815397e-01
5.800000000000000000e+01 1.974837921975845789e-01
5.900000000000000000e+01 1.974421292257960703e-01
6.000000000000000000e+01 1.973833928563446249e-01
6.100000000000000000e+01 1.973347031602191437e-01
6.200000000000000000e+01 1.972873062946126077e-01
6.300000000000000000e+01 1.972422695296918993e-01
6.400000000000000000e+01 1.972070953130865556e-01
6.500000000000000000e+01 1.971409716711578219e-01
6.600000000000000000e+01 1.970758415241606887e-01
6.700000000000000000e+01 1.970206517235716659e-01
6.800000000000000000e+01 1.969915320215881727e-01
6.900000000000000000e+01 1.969715452661529309e-01
7.000000000000000000e+01 1.969618807833949936e-01
7.100000000000000000e+01 1.969422616237705981e-01
7.200000000000000000e+01 1.969227487885212846e-01
7.300000000000000000e+01 1.968855592810422328e-01
7.400000000000000000e+01 1.968347318925792733e-01
7.500000000000000000e+01 1.967837245432867976e-01
7.600000000000000000e+01 1.967498993410114194e-01
7.700000000000000000e+01 1.967095318427352635e-01
7.800000000000000000e+01 1.966686240598361224e-01
7.900000000000000000e+01 1.966123935137117640e-01
8.000000000000000000e+01 1.965913600053458832e-01
8.100000000000000000e+01 1.965345232309441692e-01
8.200000000000000000e+01 1.965023382051784839e-01
8.300000000000000000e+01 1.964659521233154682e-01
8.400000000000000000e+01 1.964022534276529397e-01
8.500000000000000000e+01 1.963632567890885305e-01
8.600000000000000000e+01 1.961989963205138521e-01
8.700000000000000000e+01 1.961349874502819612e-01
8.800000000000000000e+01 1.959472229813266353e-01
8.900000000000000000e+01 1.958728113927661330e-01
9.000000000000000000e+01 1.957076092485485197e-01
9.100000000000000000e+01 1.956118433112977451e-01
9.200000000000000000e+01 1.954401901041211143e-01
9.300000000000000000e+01 1.953771733526049603e-01
9.400000000000000000e+01 1.952342140436046924e-01
9.500000000000000000e+01 1.951283196970538814e-01
9.600000000000000000e+01 1.949998586170804127e-01
9.700000000000000000e+01 1.949091588713375567e-01
9.800000000000000000e+01 1.948088134149173756e-01
9.900000000000000000e+01 1.947288672764684037e-01
1.000000000000000000e+02 1.945706096967694254e-01
1.010000000000000000e+02 1.944397041243224045e-01
1.020000000000000000e+02 1.943329800079260372e-01
1.030000000000000000e+02 1.941913720497762119e-01
1.040000000000000000e+02 1.939322149354922309e-01
1.050000000000000000e+02 1.937478386810831676e-01
1.060000000000000000e+02 1.932821301399932912e-01
1.070000000000000000e+02 1.929252185148701559e-01
1.080000000000000000e+02 1.928062243528677056e-01
1.090000000000000000e+02 1.927130820879020823e-01
1.100000000000000000e+02 1.926658455066282138e-01
1.110000000000000000e+02 1.925861091131480518e-01
1.120000000000000000e+02 1.925390882228641132e-01
1.130000000000000000e+02 1.924909855003650305e-01
1.140000000000000000e+02 1.924369390978762084e-01
1.150000000000000000e+02 1.924000836166885609e-01
1.160000000000000000e+02 1.923820466737013735e-01
1.170000000000000000e+02 1.923462624135447163e-01
1.180000000000000000e+02 1.923145846042046969e-01
1.190000000000000000e+02 1.922646742643688844e-01
1.200000000000000000e+02 1.922252812904676200e-01
1.210000000000000000e+02 1.921675416098827804e-01
1.220000000000000000e+02 1.921336338643413466e-01
1.230000000000000000e+02 1.921127521060047028e-01
1.240000000000000000e+02 1.920882647355292572e-01
1.250000000000000000e+02 1.920699841233148020e-01
1.260000000000000000e+02 1.920610142827534617e-01
1.270000000000000000e+02 1.920430675794704556e-01
1.280000000000000000e+02 1.920115466478140853e-01
1.290000000000000000e+02 1.919861279810323729e-01
1.300000000000000000e+02 1.919486797815085355e-01
1.310000000000000000e+02 1.919048514978919373e-01
1.320000000000000000e+02 1.918866654715088715e-01
1.330000000000000000e+02 1.918647151460116940e-01
1.340000000000000000e+02 1.918275334150277012e-01
1.350000000000000000e+02 1.917563018513092632e-01
1.360000000000000000e+02 1.917215991384848550e-01
1.370000000000000000e+02 1.916349038465776644e-01
1.380000000000000000e+02 1.915978304841965962e-01
1.390000000000000000e+02 1.915525222759331958e-01
1.400000000000000000e+02 1.914690611419635757e-01
1.410000000000000000e+02 1.914017508215113128e-01
1.420000000000000000e+02 1.913394100105852980e-01
1.430000000000000000e+02 1.911866544313876315e-01
1.440000000000000000e+02 1.910562072991022209e-01
1.450000000000000000e+02 1.908744158390785484e-01
1.460000000000000000e+02 1.905905542463938174e-01
1.470000000000000000e+02 1.902902448152552495e-01
1.480000000000000000e+02 1.901126602275016730e-01
1.490000000000000000e+02 1.897641573325863640e-01
1.500000000000000000e+02 1.893403710774151927e-01
1.510000000000000000e+02 1.888273501548378142e-01
1.520000000000000000e+02 1.882453829244229715e-01
1.530000000000000000e+02 1.876915605265887244e-01
1.540000000000000000e+02 1.873131633233293125e-01
1.550000000000000000e+02 1.871640551482521286e-01
1.560000000000000000e+02 1.861940287418326623e-01
1.570000000000000000e+02 1.858330236400409785e-01
1.580000000000000000e+02 1.853873855263860893e-01
1.590000000000000000e+02 1.849356165842145350e-01
1.600000000000000000e+02 1.841497039262597057e-01
1.610000000000000000e+02 1.836338772748979664e-01
1.620000000000000000e+02 1.831828061414174924e-01
1.630000000000000000e+02 1.824158804221576724e-01
1.640000000000000000e+02 1.817899453236293816e-01
1.650000000000000000e+02 1.812776555363283526e-01
1.660000000000000000e+02 1.807282431992385807e-01
1.670000000000000000e+02 1.790504345689329924e-01
1.680000000000000000e+02 1.781600966803323638e-01
1.690000000000000000e+02 1.771281305244610249e-01
1.700000000000000000e+02 1.768730655318893341e-01
1.710000000000000000e+02 1.760660143426362734e-01
1.720000000000000000e+02 1.757549080985937873e-01
1.730000000000000000e+02 1.753437976741470672e-01
1.740000000000000000e+02 1.738460348914746267e-01
1.750000000000000000e+02 1.734131984388783132e-01
1.760000000000000000e+02 1.726127051419270864e-01
1.770000000000000000e+02 1.720756172855504862e-01
1.780000000000000000e+02 1.715205264325410650e-01
1.790000000000000000e+02 1.705979344238859885e-01
1.800000000000000000e+02 1.700207004399927890e-01
1.810000000000000000e+02 1.689555812629265352e-01
1.820000000000000000e+02 1.680949201823554173e-01
1.830000000000000000e+02 1.674399276766657674e-01
1.840000000000000000e+02 1.663987550154598094e-01
1.850000000000000000e+02 1.646741645478065896e-01
1.860000000000000000e+02 1.638322080325695373e-01
1.870000000000000000e+02 1.632979178437451717e-01
1.880000000000000000e+02 1.618143489047252359e-01
1.890000000000000000e+02 1.611212193245921687e-01
1.900000000000000000e+02 1.604338699942310653e-01
1.910000000000000000e+02 1.597098439073995069e-01
1.920000000000000000e+02 1.590772816692573588e-01
1.930000000000000000e+02 1.582290443432725069e-01
1.940000000000000000e+02 1.579227198795265796e-01
1.950000000000000000e+02 1.573232579160300515e-01
1.960000000000000000e+02 1.568426923939054418e-01
1.970000000000000000e+02 1.564207605616315389e-01
1.980000000000000000e+02 1.559027416598561255e-01
1.990000000000000000e+02 1.553546207007874269e-01
2.000000000000000000e+02 1.551210661595826545e-01
2.010000000000000000e+02 1.548503308737514406e-01
2.020000000000000000e+02 1.546192655671121130e-01
2.030000000000000000e+02 1.543702698341969659e-01
2.040000000000000000e+02 1.540763497343214106e-01
2.050000000000000000e+02 1.538470252816763750e-01
2.060000000000000000e+02 1.535532456997260042e-01
2.070000000000000000e+02 1.533761111095822416e-01
2.080000000000000000e+02 1.532143101451413358e-01
2.090000000000000000e+02 1.529154180719761447e-01
2.100000000000000000e+02 1.527663325570470243e-01
2.110000000000000000e+02 1.525609870345035479e-01
2.120000000000000000e+02 1.520573888029208010e-01
2.130000000000000000e+02 1.518458212695965870e-01
2.140000000000000000e+02 1.514668936851053527e-01
