7.407528837596945304e-02
1.906418949860403833e+00
4.139070710741875048e-01
3.677629153893343439e+00
1.208546550117867158e+00
-1.055648137838227862e+00
1.790804087518966803e+00
-6.260186838130257225e-01
7.306811079635046058e-01
-1.450978572109026477e+00
2.141966211876217052e+00
5.849145965217312781e-01
9.816296756854396843e-01
1.589077902882077842e+00
7.933284008336085602e-01
4.210117075797947805e-01
2.181454557606171463e+00
5.950216780487925794e-01
3.684305234329236622e+00
-2.754294571703224670e-01
-2.727745648308665505e+00
3.978970524548851584e-01
1.678464608061055907e+00
3.299827691095275073e-01
