-6.742595660185123352e-01
3.537544285950727230e-01
5.833426003458548337e-01
1.744975189207952804e+00
1.703715352473549771e+00
-3.684999756003546900e-01
-5.940442651713573330e-02
-4.225106969252387934e-01
1.758959465172373005e+00
4.787136821016753641e-01
1.088023720009830164e+00
3.166457904605964879e-01
1.287512250300476557e+00
4.458219014752455300e-01
7.730414430762644340e-01
-4.706259010628103256e-01
-1.569789698036296033e-01
5.643154893918101989e-01
9.599448643997351427e-01
2.713072631353112274e-01
-3.605552677415512219e-01
6.724987190952933513e-01
4.815694092306317953e-01
1.329714784545169282e-01
-7.761832645937247754e-01
4.180564709185993766e-01
3.703887931538388245e-01
2.205060617564812642e+00
1.113934678007246992e+00
2.390923473762817941e-01
4.128368416135481944e-02
1.874059919817391728e+00
8.693466198459955940e-01
1.130186908296861192e+00
9.615068372003755526e-01
1.533120669952692916e+00
