1.000000000000000000e+00 3.609027974508498549e-01
2.000000000000000000e+00 2.621613739741794347e-01
3.000000000000000000e+00 2.445470278243486451e-01
4.000000000000000000e+00 2.407958431642285568e-01
5.000000000000000000e+00 2.371601053234887180e-01
6.000000000000000000e+00 2.301067757808212821e-01
7.000000000000000000e+00 2.242458342016351025e-01
8.000000000000000000e+00 2.214703021387805781e-01
9.000000000000000000e+00 2.167689932489423044e-01
1.000000000000000000e+01 2.129534357132484845e-01
1.100000000000000000e+01 2.107107996801015071e-01
1.200000000000000000e+01 2.082360863064184886e-01
1.300000000000000000e+01 2.072054361357698882e-01
1.400000000000000000e+01 2.061014760880167940e-01
1.500000000000000000e+01 2.053868915819924978e-01
1.600000000000000000e+01 2.046095311587880217e-01
1.700000000000000000e+01 2.037993939566845880e-01
1.800000000000000000e+01 2.034374477118094382e-01
1.900000000000000000e+01 2.029436992238619064e-01
2.000000000000000000e+01 2.027266693514331308e-01
2.100000000000000000e+01 2.023063882391969714e-01
2.200000000000000000e+01 2.021090522971990266e-01
2.300000000000000000e+01 2.017554567116730257e-01
2.400000000000000000e+01 2.016840524166784443e-01
2.500000000000000000e+01 2.015310583888262064e-01
2.600000000000000000e+01 2.013858551585382961e-01
2.700000000000000000e+01 2.012879649639666424e-01
2.800000000000000000e+01 2.010630867092963181e-01
2.900000000000000000e+01 2.009948886456479622e-01
3.000000000000000000e+01 2.009381781240260900e-01
3.100000000000000000e+01 2.008335319101665906e-01
3.200000000000000000e+01 2.007771439135714875e-01
3.300000000000000000e+01 2.007082826179268642e-01
3.400000000000000000e+01 2.006445712631257650e-01
3.500000000000000000e+01 2.006049712700499199e-01
3.600000000000000000e+01 2.005513924970550588e-01
3.700000000000000000e+01 2.005023037110475748e-01
3.800000000000000000e+01 2.004773930898166023e-01
3.900000000000000000e+01 2.004516728000191594e-01
4.000000000000000000e+01 2.004380436616339523e-01
4.100000000000000000e+01 2.004138185088356061e-01
4.200000000000000000e+01 2.003482615440544956e-01
4.300000000000000000e+01 2.003143398294761068e-01
4.400000000000000000e+01 2.002139634075708885e-01
4.500000000000000000e+01 2.001684207305038099e-01
4.600000000000000000e+01 2.001363593184346257e-01
4.700000000000000000e+01 2.001096298741641966e-01
4.800000000000000000e+01 2.000838026751903809e-01
4.900000000000000000e+01 1.999813319648486021e-01
5.000000000000000000e+01 1.998597399266216490e-01
5.100000000000000000e+01 1.996264855239564817e-01
5.200000000000000000e+01 1.995600363053645632e-01
5.300000000000000000e+01 1.993529874270186797e-01
5.400000000000000000e+01 1.991885947488420683e-01
5.500000000000000000e+01 1.984225747212993718e-01
5.600000000000000000e+01 1.970788900712696079e-01
5.700000000000000000e+01 1.959434895891406514e-01
5.800000000000000000e+01 1.952265569924130917e-01
5.900000000000000000e+01 1.947103573669307919e-01
6.000000000000000000e+01 1.933706788349063288e-01
6.100000000000000000e+01 1.920167325931943225e-01
6.200000000000000000e+01 1.913344772713427011e-01
6.300000000000000000e+01 1.909495259869798400e-01
6.400000000000000000e+01 1.906489061890614123e-01
6.500000000000000000e+01 1.899917382971517965e-01
6.600000000000000000e+01 1.894921572085308259e-01
6.700000000000000000e+01 1.887307770880198021e-01
6.800000000000000000e+01 1.877066348161119669e-01
6.900000000000000000e+01 1.871348735890124293e-01
7.000000000000000000e+01 1.867040266860428843e-01
7.100000000000000000e+01 1.859342611476018092e-01
7.200000000000000000e+01 1.846895705443093449e-01
7.300000000000000000e+01 1.838540477513294358e-01
7.400000000000000000e+01 1.829093411373575451e-01
7.500000000000000000e+01 1.819648598359953073e-01
7.600000000000000000e+01 1.809577277526139838e-01
7.700000000000000000e+01 1.798735487989340520e-01
7.800000000000000000e+01 1.790146442500601953e-01
7.900000000000000000e+01 1.782772668824180728e-01
8.000000000000000000e+01 1.776759976270259056e-01
8.100000000000000000e+01 1.772721564273345152e-01
8.200000000000000000e+01 1.768758944773744513e-01
8.300000000000000000e+01 1.760301529632641027e-01
8.400000000000000000e+01 1.751262291166121032e-01
8.500000000000000000e+01 1.742102651069212249e-01
8.600000000000000000e+01 1.727517110189326355e-01
8.700000000000000000e+01 1.706311018974535909e-01
8.800000000000000000e+01 1.669926041699413832e-01
8.900000000000000000e+01 1.642198436284061369e-01
9.000000000000000000e+01 1.587390357910709038e-01
9.100000000000000000e+01 1.546339305706187495e-01
9.200000000000000000e+01 1.522628781437789236e-01
9.300000000000000000e+01 1.511846828796067355e-01
9.400000000000000000e+01 1.505669226499353197e-01
9.500000000000000000e+01 1.499223680484463861e-01
9.600000000000000000e+01 1.495717947269271930e-01
9.700000000000000000e+01 1.494203767262560489e-01
9.800000000000000000e+01 1.492041176586741957e-01
9.900000000000000000e+01 1.489774499143293462e-01
1.000000000000000000e+02 1.487305943576732181e-01
1.010000000000000000e+02 1.485181135698475097e-01
1.020000000000000000e+02 1.484019251719137511e-01
1.030000000000000000e+02 1.483529400019279187e-01
1.040000000000000000e+02 1.482950486069318785e-01
1.050000000000000000e+02 1.481879977381717894e-01
1.060000000000000000e+02 1.481588825933612685e-01
1.070000000000000000e+02 1.480480034493171504e-01
1.080000000000000000e+02 1.479954475983789874e-01
1.090000000000000000e+02 1.479366229917754016e-01
1.100000000000000000e+02 1.478842975886952849e-01
1.110000000000000000e+02 1.478280890046738405e-01
1.120000000000000000e+02 1.477897595371426842e-01
1.130000000000000000e+02 1.477412587473610761e-01
1.140000000000000000e+02 1.477131420726650879e-01
1.150000000000000000e+02 1.476896104925189690e-01
1.160000000000000000e+02 1.476567067579750980e-01
1.170000000000000000e+02 1.476395144299989803e-01
1.180000000000000000e+02 1.476239079484452654e-01
1.190000000000000000e+02 1.475819831629636425e-01
1.200000000000000000e+02 1.475586373423780351e-01
1.210000000000000000e+02 1.474828047879972182e-01
1.220000000000000000e+02 1.474538409965927277e-01
1.230000000000000000e+02 1.474283753346635750e-01
1.240000000000000000e+02 1.474030340775210057e-01
1.250000000000000000e+02 1.473769660280665195e-01
1.260000000000000000e+02 1.473613632654581229e-01
1.270000000000000000e+02 1.473336262862863233e-01
1.280000000000000000e+02 1.473100710848903871e-01
1.290000000000000000e+02 1.472909090388462294e-01
1.300000000000000000e+02 1.472795835224654237e-01
1.310000000000000000e+02 1.472632905101138034e-01
1.320000000000000000e+02 1.472451232357944728e-01
1.330000000000000000e+02 1.472296735196504947e-01
1.340000000000000000e+02 1.471997799943301488e-01
1.350000000000000000e+02 1.471812426785582828e-01
1.360000000000000000e+02 1.471459764581121155e-01
1.370000000000000000e+02 1.471184075693872939e-01
1.380000000000000000e+02 1.470965289696263278e-01
1.390000000000000000e+02 1.470859846669161086e-01
1.400000000000000000e+02 1.470705737355433029e-01
1.410000000000000000e+02 1.470534024631627024e-01
1.420000000000000000e+02 1.470392545821915253e-01
1.430000000000000000e+02 1.470113112295770852e-01
1.440000000000000000e+02 1.470005935388325746e-01
1.450000000000000000e+02 1.469744480199036141e-01
1.460000000000000000e+02 1.469625185198928652e-01
1.470000000000000000e+02 1.469405684854083183e-01
1.480000000000000000e+02 1.469078877249703208e-01
1.490000000000000000e+02 1.468961642711984483e-01
1.500000000000000000e+02 1.468736781485835974e-01
1.510000000000000000e+02 1.468581792515841478e-01
1.520000000000000000e+02 1.468336077721155986e-01
1.530000000000000000e+02 1.467962810685743136e-01
1.540000000000000000e+02 1.467799695574812380e-01
1.550000000000000000e+02 1.467362688735887877e-01
1.560000000000000000e+02 1.466868770794593768e-01
