2.723997367655244320e-02
1.705100179774601488e+00
-6.732716564646846757e-01
-7.690168684351128547e-01
1.260530634777058179e+00
9.465750027542427780e-01
2.656221244811258320e+00
-8.483397519633169015e-01
-9.961218960089853747e-01
4.692549222953739663e-01
4.175439588217174092e-01
9.116913456694094586e-01
9.819186616042412385e-01
2.837357439593910957e+00
-4.402016330922279841e-01
8.035286246894396411e-01
2.422552878312113744e+00
-3.512101633736151030e-01
1.950537252089117324e+00
8.690143569237626098e-01
1.350813683883752780e+00
-6.089761566538445248e-01
-2.612620249988859999e+00
5.794937683410131962e-02
1.148867618751846953e+00
1.052305748701137383e-01
1.932037991173947811e+00
-2.309002094247367409e-01
1.291040320691978716e+00
5.082010034747858063e-02
4.677489619475057314e-02
9.562023109053089387e-01
