6.020399602819237472e-01
8.217250666995306041e-01
5.833279122558390206e-01
5.887212110747037652e-01
6.291768382246295532e-01
9.948125736674624797e-02
1.592629683974845722e+00
4.005925240169207480e-01
6.844209293760250556e-01
4.195642207732877549e-01
2.698009093452108376e-01
1.139723634950054798e+00
1.946092915449583849e+00
-4.847681082397738324e-03
-4.516243253632029608e-02
1.461574228137817011e+00
1.057074600710247392e+00
1.136340548459265631e-01
6.483627040733766500e-02
-5.067192737274105463e-01
8.535017954486474601e-01
1.771872980861297187e+00
2.280563618530469794e-01
-6.450624950206237385e-01
-8.525887657753425941e-01
8.948120415149078688e-02
1.168706617180552271e-01
1.325845691722536523e+00
2.755886804303040449e-01
-8.946231870144337461e-02
6.951613133395054822e-01
1.600032294239472686e+00
3.099440274329402778e-02
3.318168666324843863e-01
1.972378077281218056e+00
1.259103396932513386e+00
6.107962614836716098e-01
-2.088846513713983610e-01
1.651581758869536953e+00
6.239010769139281543e-01
3.223994416296212528e-01
-2.416534596092435178e-02
1.777520272798106760e+00
-4.942497311822269812e-01
2.319996254916830702e-01
1.436442927438356998e+00
5.650515932463691104e-01
-5.178913927795428945e-02
