1.000000000000000000e+00 2.561495418155928516e-01
2.000000000000000000e+00 2.508159227386337342e-01
3.000000000000000000e+00 2.456268943003915572e-01
4.000000000000000000e+00 2.438373013067380857e-01
5.000000000000000000e+00 2.421199065178044063e-01
6.000000000000000000e+00 2.402791542868092378e-01
7.000000000000000000e+00 2.385501296968880747e-01
8.000000000000000000e+00 2.376213008845866059e-01
9.000000000000000000e+00 2.373392807718814612e-01
1.000000000000000000e+01 2.371599114367816674e-01
1.100000000000000000e+01 2.369551093773435146e-01
1.200000000000000000e+01 2.367024357855309069e-01
1.300000000000000000e+01 2.365004519086339463e-01
1.400000000000000000e+01 2.361775430322132219e-01
1.500000000000000000e+01 2.360424988114649958e-01
1.600000000000000000e+01 2.358112681815449363e-01
1.700000000000000000e+01 2.355849254591626252e-01
1.800000000000000000e+01 2.352127348577641164e-01
1.900000000000000000e+01 2.349905995918495361e-01
2.000000000000000000e+01 2.347109449571034567e-01
2.100000000000000000e+01 2.344776763923410445e-01
2.200000000000000000e+01 2.338172563799072179e-01
2.300000000000000000e+01 2.328387178152728221e-01
2.400000000000000000e+01 2.321527278495521540e-01
2.500000000000000000e+01 2.316642657679249262e-01
2.600000000000000000e+01 2.310779499988335206e-01
2.700000000000000000e+01 2.304819382193309119e-01
2.800000000000000000e+01 2.302568968497981372e-01
2.900000000000000000e+01 2.289359883813822105e-01
3.000000000000000000e+01 2.272192465844846410e-01
3.100000000000000000e+01 2.247884528872400589e-01
3.200000000000000000e+01 2.215656923843092874e-01
3.300000000000000000e+01 2.173463285587330096e-01
3.400000000000000000e+01 2.131467419821687082e-01
3.500000000000000000e+01 2.104217147597516324e-01
3.600000000000000000e+01 2.088386537895731698e-01
3.700000000000000000e+01 2.079132427576381725e-01
3.800000000000000000e+01 2.073611501959432557e-01
3.900000000000000000e+01 2.069613940418875697e-01
4.000000000000000000e+01 2.059758063433164144e-01
4.100000000000000000e+01 2.049746695623000381e-01
4.200000000000000000e+01 2.042468835696575336e-01
4.300000000000000000e+01 2.032786260202893991e-01
4.400000000000000000e+01 2.023266456256369861e-01
4.500000000000000000e+01 2.017637427951795015e-01
4.600000000000000000e+01 2.015070042968971076e-01
4.700000000000000000e+01 2.009920210025798737e-01
4.800000000000000000e+01 2.006682266635487488e-01
4.900000000000000000e+01 2.001409485442509351e-01
5.000000000000000000e+01 1.996308458025730648e-01
5.100000000000000000e+01 1.991227155607485921e-01
5.200000000000000000e+01 1.986811387240953186e-01
5.300000000000000000e+01 1.984780280261252694e-01
5.400000000000000000e+01 1.983389597840378715e-01
5.500000000000000000e+01 1.981875126650688990e-01
5.600000000000000000e+01 1.981537106677399851e-01
5.700000000000000000e+01 1.980035577011874937e-01
5.800000000000000000e+01 1.979549031658292546e-01
5.900000000000000000e+01 1.978301943526394047e-01
6.000000000000000000e+01 1.976335179940821862e-01
6.100000000000000000e+01 1.972613584321913360e-01
6.200000000000000000e+01 1.966895940182971370e-01
6.300000000000000000e+01 1.964474692493003161e-01
6.400000000000000000e+01 1.961743555491094748e-01
6.500000000000000000e+01 1.959906399580669811e-01
6.600000000000000000e+01 1.957854549310991399e-01
6.700000000000000000e+01 1.953607610877124423e-01
6.800000000000000000e+01 1.952536092023948455e-01
6.900000000000000000e+01 1.949142637105071296e-01
7.000000000000000000e+01 1.948470753699584612e-01
7.100000000000000000e+01 1.947254547792270363e-01
7.200000000000000000e+01 1.946574271783362287e-01
7.300000000000000000e+01 1.945287194453564072e-01
7.400000000000000000e+01 1.944531988418763402e-01
7.500000000000000000e+01 1.943426251357221746e-01
7.600000000000000000e+01 1.943118327795475553e-01
7.700000000000000000e+01 1.942875800467790404e-01
7.800000000000000000e+01 1.942355349435576084e-01
7.900000000000000000e+01 1.941449599729858089e-01
8.000000000000000000e+01 1.939261474167441046e-01
8.100000000000000000e+01 1.935462250273380647e-01
8.200000000000000000e+01 1.930964380331829378e-01
8.300000000000000000e+01 1.928141678960239580e-01
8.400000000000000000e+01 1.921219506151579381e-01
8.500000000000000000e+01 1.916859399042576961e-01
8.600000000000000000e+01 1.906897494704169471e-01
8.700000000000000000e+01 1.900532047677356839e-01
8.800000000000000000e+01 1.895067069003570082e-01
8.900000000000000000e+01 1.887135388982119355e-01
9.000000000000000000e+01 1.882477316133319700e-01
9.100000000000000000e+01 1.878850576046980636e-01
9.200000000000000000e+01 1.876591998733603273e-01
9.300000000000000000e+01 1.874475679917013693e-01
9.400000000000000000e+01 1.872097250910705335e-01
9.500000000000000000e+01 1.870851682746239308e-01
9.600000000000000000e+01 1.869731945648216154e-01
9.700000000000000000e+01 1.867400448418113923e-01
9.800000000000000000e+01 1.865277331326432031e-01
9.900000000000000000e+01 1.861557059223891697e-01
1.000000000000000000e+02 1.857485677279368252e-01
1.010000000000000000e+02 1.851892899085083033e-01
1.020000000000000000e+02 1.847903692572804568e-01
1.030000000000000000e+02 1.845551293296879003e-01
1.040000000000000000e+02 1.839358716041056829e-01
1.050000000000000000e+02 1.832796156563012702e-01
1.060000000000000000e+02 1.829960599926528653e-01
1.070000000000000000e+02 1.822181788062827157e-01
1.080000000000000000e+02 1.820115595284959309e-01
1.090000000000000000e+02 1.814555929516622479e-01
1.100000000000000000e+02 1.805555742176259693e-01
1.110000000000000000e+02 1.800948014163643862e-01
1.120000000000000000e+02 1.793698638216627561e-01
1.130000000000000000e+02 1.788323332570813662e-01
1.140000000000000000e+02 1.779673851093501180e-01
1.150000000000000000e+02 1.764355175962235012e-01
1.160000000000000000e+02 1.752121639003149101e-01
1.170000000000000000e+02 1.734167304324617798e-01
1.180000000000000000e+02 1.703698589368496108e-01
1.190000000000000000e+02 1.678495179392364978e-01
1.200000000000000000e+02 1.649518179388942130e-01
1.210000000000000000e+02 1.610253146468829388e-01
1.220000000000000000e+02 1.589045330189731986e-01
1.230000000000000000e+02 1.565087257777530161e-01
1.240000000000000000e+02 1.556220811965248196e-01
1.250000000000000000e+02 1.540359914843429101e-01
1.260000000000000000e+02 1.513836389308260422e-01
1.270000000000000000e+02 1.502429841168203273e-01
1.280000000000000000e+02 1.480667414376382607e-01
1.290000000000000000e+02 1.452545296487751936e-01
1.300000000000000000e+02 1.437181193002319279e-01
1.310000000000000000e+02 1.431721765985421446e-01
1.320000000000000000e+02 1.426622978940251529e-01
1.330000000000000000e+02 1.420230918557407740e-01
1.340000000000000000e+02 1.412550194268511472e-01
1.350000000000000000e+02 1.404052623040939751e-01
1.360000000000000000e+02 1.396249618213739052e-01
1.370000000000000000e+02 1.391958831832677546e-01
1.380000000000000000e+02 1.383129973771504428e-01
1.390000000000000000e+02 1.379349539079700593e-01
1.400000000000000000e+02 1.370389970702763360e-01
1.410000000000000000e+02 1.362348948418715122e-01
1.420000000000000000e+02 1.359067827562178421e-01
1.430000000000000000e+02 1.353104130670594873e-01
1.440000000000000000e+02 1.347941831843303406e-01
1.450000000000000000e+02 1.341571462114725111e-01
1.460000000000000000e+02 1.336554936789899339e-01
1.470000000000000000e+02 1.328185430795359723e-01
1.480000000000000000e+02 1.321317573563257908e-01
1.490000000000000000e+02 1.317924825594117832e-01
1.500000000000000000e+02 1.315256919922616619e-01
1.510000000000000000e+02 1.312477688337421733e-01
1.520000000000000000e+02 1.306112075458118471e-01
1.530000000000000000e+02 1.299843402388458913e-01
1.540000000000000000e+02 1.288239524023051807e-01
1.550000000000000000e+02 1.280602455559999298e-01
1.560000000000000000e+02 1.276003588049167137e-01
1.570000000000000000e+02 1.271899560819764186e-01
1.580000000000000000e+02 1.266946149564295299e-01
1.590000000000000000e+02 1.262356191935689043e-01
1.600000000000000000e+02 1.259153855085949347e-01
1.610000000000000000e+02 1.255077789557799417e-01
1.620000000000000000e+02 1.250013195376400155e-01
1.630000000000000000e+02 1.247009491494190658e-01
1.640000000000000000e+02 1.244984932703700059e-01
1.650000000000000000e+02 1.243821073480806810e-01
1.660000000000000000e+02 1.241581383111149128e-01
1.670000000000000000e+02 1.240329474328759896e-01
1.680000000000000000e+02 1.238643781567328045e-01
1.690000000000000000e+02 1.237198862847725261e-01
1.700000000000000000e+02 1.234968933384100603e-01
1.710000000000000000e+02 1.232682858792656516e-01
1.720000000000000000e+02 1.229754382776145627e-01
1.730000000000000000e+02 1.225884171517486187e-01
1.740000000000000000e+02 1.224296028386539642e-01
1.750000000000000000e+02 1.220757569054402442e-01
1.760000000000000000e+02 1.218947180537469782e-01
1.770000000000000000e+02 1.217320728128427759e-01
1.780000000000000000e+02 1.215689011460909241e-01
1.790000000000000000e+02 1.213544566186848112e-01
1.800000000000000000e+02 1.211413860620475930e-01
1.810000000000000000e+02 1.210687299015992674e-01
1.820000000000000000e+02 1.209963199729476996e-01
1.830000000000000000e+02 1.209662830595287786e-01
1.840000000000000000e+02 1.209346836238413131e-01
1.850000000000000000e+02 1.209046465997935665e-01
1.860000000000000000e+02 1.208722157942716119e-01
1.870000000000000000e+02 1.208351506075333037e-01
1.880000000000000000e+02 1.207873027169486108e-01
1.890000000000000000e+02 1.207570289665101243e-01
1.900000000000000000e+02 1.207113479124187760e-01
1.910000000000000000e+02 1.206941474063389225e-01
1.920000000000000000e+02 1.206680968482775618e-01
1.930000000000000000e+02 1.206445047736299930e-01
1.940000000000000000e+02 1.206183958908908643e-01
1.950000000000000000e+02 1.205919393601286721e-01
1.960000000000000000e+02 1.205531202524934842e-01
1.970000000000000000e+02 1.205079032270149342e-01
1.980000000000000000e+02 1.204546659336848125e-01
1.990000000000000000e+02 1.203718612320399117e-01
2.000000000000000000e+02 1.203050958009986848e-01
2.010000000000000000e+02 1.202072333238769219e-01
2.020000000000000000e+02 1.201754731523468900e-01
2.030000000000000000e+02 1.201567921795346910e-01
2.040000000000000000e+02 1.201063419392229964e-01
2.050000000000000000e+02 1.200797461775731101e-01
2.060000000000000000e+02 1.200583689666148146e-01
2.070000000000000000e+02 1.200372542925975811e-01
2.080000000000000000e+02 1.200304662325229199e-01
2.090000000000000000e+02 1.200267676415080476e-01
2.100000000000000000e+02 1.200233883032403720e-01
2.110000000000000000e+02 1.200198661321417309e-01
2.120000000000000000e+02 1.200142237558597946e-01
2.130000000000000000e+02 1.200112155648880158e-01
2.140000000000000000e+02 1.200086723129713678e-01
2.150000000000000000e+02 1.200069953820301488e-01
2.160000000000000000e+02 1.200056191126559063e-01
2.170000000000000000e+02 1.200043456597539859e-01
2.180000000000000000e+02 1.200028405086878136e-01
2.190000000000000000e+02 1.200022079871098102e-01
2.200000000000000000e+02 1.200015787546376556e-01
2.210000000000000000e+02 1.200011885909804954e-01
2.220000000000000000e+02 1.200007103747658260e-01
2.230000000000000000e+02 1.200005030086957331e-01
2.240000000000000000e+02 1.200002285942981389e-01
2.250000000000000000e+02 1.199998678470391572e-01
2.260000000000000000e+02 1.199994589682983614e-01
2.270000000000000000e+02 1.199991519607685603e-01
2.280000000000000000e+02 1.199990282940005676e-01
2.290000000000000000e+02 1.199989095327769206e-01
2.300000000000000000e+02 1.199987483531944898e-01
2.310000000000000000e+02 1.199986021108781498e-01
2.320000000000000000e+02 1.199983889274715138e-01
2.330000000000000000e+02 1.199981830326368321e-01
2.340000000000000000e+02 1.199980691392720372e-01
2.350000000000000000e+02 1.199979817613414240e-01
2.360000000000000000e+02 1.199979276619509289e-01
2.370000000000000000e+02 1.199978339555389240e-01
2.380000000000000000e+02 1.199976867302396111e-01
2.390000000000000000e+02 1.199975231860585384e-01
2.400000000000000000e+02 1.199974308152162022e-01
2.410000000000000000e+02 1.199973217996930380e-01
2.420000000000000000e+02 1.199972695298870545e-01
2.430000000000000000e+02 1.199972212709194269e-01
2.440000000000000000e+02 1.199971793441070023e-01
2.450000000000000000e+02 1.199971355422844027e-01
2.460000000000000000e+02 1.199970952455967910e-01
2.470000000000000000e+02 1.199970151694201154e-01
2.480000000000000000e+02 1.199969964050696253e-01
2.490000000000000000e+02 1.199969606581881426e-01
2.500000000000000000e+02 1.199969179273586151e-01
2.510000000000000000e+02 1.199968529164969211e-01
2.520000000000000000e+02 1.199967750904205321e-01
2.530000000000000000e+02 1.199967184359676531e-01
2.540000000000000000e+02 1.199966890077392434e-01
2.550000000000000000e+02 1.199966425218210037e-01
2.560000000000000000e+02 1.199966280492046761e-01
2.570000000000000000e+02 1.199965884260920379e-01
2.580000000000000000e+02 1.199965424413444032e-01
2.590000000000000000e+02 1.199964888920806994e-01
2.600000000000000000e+02 1.199963660593515863e-01
2.610000000000000000e+02 1.199962345342868164e-01
2.620000000000000000e+02 1.199951475296463232e-01
2.630000000000000000e+02 1.199951083238424698e-01
2.640000000000000000e+02 1.199930201554633702e-01
2.650000000000000000e+02 1.199877714441930782e-01
2.660000000000000000e+02 1.199681796799690198e-01
2.670000000000000000e+02 1.199377349361088058e-01
2.680000000000000000e+02 1.199195434826608592e-01
2.690000000000000000e+02 1.198757120665602527e-01
2.700000000000000000e+02 1.198479767729391798e-01
2.710000000000000000e+02 1.197861765648030874e-01
2.720000000000000000e+02 1.197612417610215696e-01
2.730000000000000000e+02 1.197312518985926555e-01
2.740000000000000000e+02 1.197134743927964207e-01
2.750000000000000000e+02 1.196852385801348839e-01
2.760000000000000000e+02 1.196682737642324607e-01
2.770000000000000000e+02 1.196449365629241868e-01
2.780000000000000000e+02 1.195832309481244943e-01
2.790000000000000000e+02 1.195490680403072520e-01
2.800000000000000000e+02 1.194924855700615768e-01
2.810000000000000000e+02 1.194760391384630804e-01
2.820000000000000000e+02 1.194558648691714242e-01
2.830000000000000000e+02 1.194465919662827391e-01
2.840000000000000000e+02 1.194293488888393123e-01
2.850000000000000000e+02 1.194166449052226214e-01
2.860000000000000000e+02 1.194071685223427465e-01
2.870000000000000000e+02 1.193993432528318022e-01
2.880000000000000000e+02 1.193946655915677918e-01
2.890000000000000000e+02 1.193882531350830278e-01
2.900000000000000000e+02 1.193835078759464402e-01
2.910000000000000000e+02 1.193710958326415633e-01
2.920000000000000000e+02 1.193685994467910266e-01
2.930000000000000000e+02 1.193649662432714059e-01
2.940000000000000000e+02 1.193644139699667622e-01
2.950000000000000000e+02 1.193600593367146051e-01
2.960000000000000000e+02 1.193561525341177015e-01
2.970000000000000000e+02 1.193499797662115336e-01
2.980000000000000000e+02 1.193425977822570733e-01
2.990000000000000000e+02 1.193382203547370818e-01
