2.033500531145686185e+00
1.648595146955452062e+00
5.833443303700853733e-01
2.715151125600233417e+00
-1.349424321724099034e-02
9.263060790338148998e-01
-1.393332083224395612e+00
4.967630097787237298e-01
4.177804668176034186e-02
-1.821354876222592845e+00
4.484053796995396413e-01
1.235927287453787438e+00
-1.367015713390375975e+00
-2.672557124985681237e-02
1.334631348164542208e-01
-2.778318716683042755e+00
1.983866878642483178e-01
9.176693425796196568e-02
2.013728553119318032e-01
7.677789023089550691e-01
-5.154818109376744020e-03
1.039837098371360513e+00
2.280181557169769502e-01
6.294119819776032854e-01
