1.000000000000000000e+00 5.333847296798769344e-01
2.000000000000000000e+00 3.442946466170074826e-01
3.000000000000000000e+00 3.268123517197271677e-01
4.000000000000000000e+00 2.993411797230986493e-01
5.000000000000000000e+00 2.703628274731120218e-01
6.000000000000000000e+00 2.481053447268402323e-01
7.000000000000000000e+00 2.442707389644177274e-01
8.000000000000000000e+00 2.414846514717520487e-01
9.000000000000000000e+00 2.244960375019691701e-01
1.000000000000000000e+01 2.232228241308548966e-01
1.100000000000000000e+01 2.157967883037130996e-01
1.200000000000000000e+01 2.020561897296005716e-01
1.300000000000000000e+01 1.806115943542753732e-01
1.400000000000000000e+01 1.695250649190880032e-01
1.500000000000000000e+01 1.617989793497901507e-01
1.600000000000000000e+01 1.603535719028794937e-01
1.700000000000000000e+01 1.586933060162651343e-01
1.800000000000000000e+01 1.569313468260171429e-01
1.900000000000000000e+01 1.566154685975638394e-01
2.000000000000000000e+01 1.563032120669638758e-01
2.100000000000000000e+01 1.562328102387656459e-01
2.200000000000000000e+01 1.560578890680524577e-01
2.300000000000000000e+01 1.557954342690219263e-01
2.400000000000000000e+01 1.556999832873249279e-01
2.500000000000000000e+01 1.555609163011811846e-01
2.600000000000000000e+01 1.555117100577721456e-01
2.700000000000000000e+01 1.554766524717838827e-01
2.800000000000000000e+01 1.554244029592354859e-01
2.900000000000000000e+01 1.553289770871179587e-01
3.000000000000000000e+01 1.550910531333101472e-01
3.100000000000000000e+01 1.549531286421622911e-01
3.200000000000000000e+01 1.547847023252300891e-01
3.300000000000000000e+01 1.545202588538532318e-01
3.400000000000000000e+01 1.540044673523094376e-01
3.500000000000000000e+01 1.537314940323089019e-01
3.600000000000000000e+01 1.524436025642842141e-01
3.700000000000000000e+01 1.519584751942272827e-01
3.800000000000000000e+01 1.512336443022283816e-01
3.900000000000000000e+01 1.501320189469190769e-01
4.000000000000000000e+01 1.484350423171207634e-01
4.100000000000000000e+01 1.456317513803604968e-01
4.200000000000000000e+01 1.416718931604198650e-01
4.300000000000000000e+01 1.398239784552275100e-01
4.400000000000000000e+01 1.363165682753303132e-01
4.500000000000000000e+01 1.268554661829955355e-01
4.600000000000000000e+01 1.211635736988184442e-01
4.700000000000000000e+01 1.148452183376307140e-01
4.800000000000000000e+01 1.024047544522621173e-01
4.900000000000000000e+01 8.364146756707051267e-02
5.000000000000000000e+01 7.783169620562779834e-02
5.100000000000000000e+01 7.209848338474517115e-02
5.200000000000000000e+01 7.062485403167316489e-02
5.300000000000000000e+01 6.880738473313267878e-02
5.400000000000000000e+01 6.643348117549617571e-02
5.500000000000000000e+01 6.522573247459073631e-02
5.600000000000000000e+01 6.335341357828659647e-02
5.700000000000000000e+01 6.146649431319431423e-02
5.800000000000000000e+01 5.900939911094833790e-02
5.900000000000000000e+01 5.633557988611492817e-02
6.000000000000000000e+01 5.549004481522936544e-02
6.100000000000000000e+01 5.525161524481065484e-02
6.200000000000000000e+01 5.467050378717233650e-02
6.300000000000000000e+01 5.448352059890604338e-02
6.400000000000000000e+01 5.435790778985229166e-02
6.500000000000000000e+01 5.409643400332947438e-02
6.600000000000000000e+01 5.407527743558660643e-02
6.700000000000000000e+01 5.393561425705199058e-02
6.800000000000000000e+01 5.391517410536771082e-02
6.900000000000000000e+01 5.386365167632977541e-02
7.000000000000000000e+01 5.376148138670820004e-02
7.100000000000000000e+01 5.359528790394750553e-02
7.200000000000000000e+01 5.343875739569238503e-02
7.300000000000000000e+01 5.337453424562187132e-02
7.400000000000000000e+01 5.331457054724191708e-02
7.500000000000000000e+01 5.329255108691523940e-02
7.600000000000000000e+01 5.325718166853257718e-02
7.700000000000000000e+01 5.322086096483445022e-02
7.800000000000000000e+01 5.317744553023408954e-02
7.900000000000000000e+01 5.315231248072766618e-02
8.000000000000000000e+01 5.313638489310909541e-02
8.100000000000000000e+01 5.310584753669779501e-02
8.200000000000000000e+01 5.309216168138258807e-02
8.300000000000000000e+01 5.304634863599434064e-02
8.400000000000000000e+01 5.301976418625303777e-02
8.500000000000000000e+01 5.299325806890666651e-02
8.600000000000000000e+01 5.294349860960424065e-02
8.700000000000000000e+01 5.288004590925033527e-02
8.800000000000000000e+01 5.283471122201904152e-02
8.900000000000000000e+01 5.281430362909887016e-02
9.000000000000000000e+01 5.279854847624897846e-02
9.100000000000000000e+01 5.277424719558772293e-02
9.200000000000000000e+01 5.275380494542779991e-02
9.300000000000000000e+01 5.273421957570408741e-02
9.400000000000000000e+01 5.270013380981303924e-02
9.500000000000000000e+01 5.265436084436272285e-02
9.600000000000000000e+01 5.259829581463761755e-02
9.700000000000000000e+01 5.252972513524897802e-02
9.800000000000000000e+01 5.250667658007324851e-02
9.900000000000000000e+01 5.242101356484005215e-02
1.000000000000000000e+02 5.238616124795211770e-02
1.010000000000000000e+02 5.228544834463188379e-02
1.020000000000000000e+02 5.220096446487808295e-02
1.030000000000000000e+02 5.210563120525121827e-02
1.040000000000000000e+02 5.196766670281188077e-02
1.050000000000000000e+02 5.186699252630379980e-02
1.060000000000000000e+02 5.180267636738939557e-02
1.070000000000000000e+02 5.176159376529444051e-02
1.080000000000000000e+02 5.173944660781321786e-02
1.090000000000000000e+02 5.169066319644843865e-02
1.100000000000000000e+02 5.165787860898637951e-02
1.110000000000000000e+02 5.161374272678031366e-02
1.120000000000000000e+02 5.156422057256021541e-02
1.130000000000000000e+02 5.153171037362138523e-02
1.140000000000000000e+02 5.148921760581948864e-02
1.150000000000000000e+02 5.138128306447873467e-02
1.160000000000000000e+02 5.134600224492700399e-02
1.170000000000000000e+02 5.122496860214083986e-02
1.180000000000000000e+02 5.117963630900423944e-02
1.190000000000000000e+02 5.109827947928460151e-02
1.200000000000000000e+02 5.100513601238945011e-02
1.210000000000000000e+02 5.088207491066040755e-02
1.220000000000000000e+02 5.081352165702168050e-02
1.230000000000000000e+02 5.076389134928716018e-02
1.240000000000000000e+02 5.074050801945223510e-02
1.250000000000000000e+02 5.070787205595998770e-02
1.260000000000000000e+02 5.062719702169266034e-02
1.270000000000000000e+02 5.058971027096614143e-02
1.280000000000000000e+02 5.057168426446301962e-02
1.290000000000000000e+02 5.054138486161160321e-02
1.300000000000000000e+02 5.052373317734579899e-02
1.310000000000000000e+02 5.050724359193933810e-02
1.320000000000000000e+02 5.049014828169726826e-02
1.330000000000000000e+02 5.046357937819065387e-02
1.340000000000000000e+02 5.044741161162741294e-02
1.350000000000000000e+02 5.043388453364484186e-02
1.360000000000000000e+02 5.041981462739673209e-02
1.370000000000000000e+02 5.040788882327691678e-02
1.380000000000000000e+02 5.038952338927066288e-02
1.390000000000000000e+02 5.036372552688002380e-02
1.400000000000000000e+02 5.034681863514938599e-02
1.410000000000000000e+02 5.032550695171418564e-02
1.420000000000000000e+02 5.030307784899098328e-02
1.430000000000000000e+02 5.026732120260388181e-02
1.440000000000000000e+02 5.020834076357058584e-02
1.450000000000000000e+02 5.017059939183241696e-02
1.460000000000000000e+02 5.012232994313278039e-02
1.470000000000000000e+02 5.010159778527769475e-02
1.480000000000000000e+02 5.007774308355519149e-02
1.490000000000000000e+02 5.000341002887366548e-02
1.500000000000000000e+02 4.989076830090680148e-02
1.510000000000000000e+02 4.980392296324901574e-02
1.520000000000000000e+02 4.973185096909644998e-02
1.530000000000000000e+02 4.963392186777490500e-02
1.540000000000000000e+02 4.961070459318601272e-02
1.550000000000000000e+02 4.954455944186832855e-02
1.560000000000000000e+02 4.947654446021648028e-02
1.570000000000000000e+02 4.934744609102277579e-02
1.580000000000000000e+02 4.917686710622613117e-02
1.590000000000000000e+02 4.895542918969959800e-02
1.600000000000000000e+02 4.884509165376496598e-02
1.610000000000000000e+02 4.875966786718544804e-02
1.620000000000000000e+02 4.868268407675264975e-02
1.630000000000000000e+02 4.860947915928678226e-02
1.640000000000000000e+02 4.856728955240126322e-02
1.650000000000000000e+02 4.851844233648514720e-02
1.660000000000000000e+02 4.847225813935027855e-02
1.670000000000000000e+02 4.843854815428949578e-02
1.680000000000000000e+02 4.839836884948819223e-02
1.690000000000000000e+02 4.837347448380099890e-02
1.700000000000000000e+02 4.832201770631303073e-02
1.710000000000000000e+02 4.825380198850425656e-02
1.720000000000000000e+02 4.814859624335301319e-02
1.730000000000000000e+02 4.805744235062107267e-02
1.740000000000000000e+02 4.797316655523767986e-02
1.750000000000000000e+02 4.790709700454400671e-02
1.760000000000000000e+02 4.776702290745344498e-02
1.770000000000000000e+02 4.746743348935182627e-02
1.780000000000000000e+02 4.722016281160554968e-02
1.790000000000000000e+02 4.712946774504124525e-02
1.800000000000000000e+02 4.697236623484610241e-02
1.810000000000000000e+02 4.688268373021457769e-02
1.820000000000000000e+02 4.681460267589865332e-02
1.830000000000000000e+02 4.672812771713572705e-02
1.840000000000000000e+02 4.660063392477800659e-02
1.850000000000000000e+02 4.623668562468483817e-02
1.860000000000000000e+02 4.595721165349027360e-02
1.870000000000000000e+02 4.581558985705890680e-02
1.880000000000000000e+02 4.572431721715304598e-02
1.890000000000000000e+02 4.569838974713683749e-02
1.900000000000000000e+02 4.560248417601689419e-02
1.910000000000000000e+02 4.543906282461118024e-02
1.920000000000000000e+02 4.533119584335353752e-02
1.930000000000000000e+02 4.513612618859046133e-02
1.940000000000000000e+02 4.490530838014601678e-02
1.950000000000000000e+02 4.479397416534159487e-02
1.960000000000000000e+02 4.471570093469894036e-02
1.970000000000000000e+02 4.462059823893727711e-02
1.980000000000000000e+02 4.453167248318697091e-02
1.990000000000000000e+02 4.448019924372799416e-02
2.000000000000000000e+02 4.440970628272551679e-02
2.010000000000000000e+02 4.433870191552782836e-02
2.020000000000000000e+02 4.425743178660972860e-02
2.030000000000000000e+02 4.409890395287873605e-02
2.040000000000000000e+02 4.397204924001172494e-02
2.050000000000000000e+02 4.371486917223096902e-02
2.060000000000000000e+02 4.359892940701573516e-02
2.070000000000000000e+02 4.348507259865204422e-02
2.080000000000000000e+02 4.342832551886143672e-02
2.090000000000000000e+02 4.338722222494446890e-02
2.100000000000000000e+02 4.332591856456176338e-02
2.110000000000000000e+02 4.327599609773729455e-02
2.120000000000000000e+02 4.318973077077410683e-02
2.130000000000000000e+02 4.309003457280783517e-02
2.140000000000000000e+02 4.295933550606191587e-02
2.150000000000000000e+02 4.264894634782719074e-02
2.160000000000000000e+02 4.254635779632694181e-02
2.170000000000000000e+02 4.244751135453150165e-02
2.180000000000000000e+02 4.234079452391373288e-02
2.190000000000000000e+02 4.227861616425802882e-02
2.200000000000000000e+02 4.219674484525223063e-02
2.210000000000000000e+02 4.209613537711213993e-02
2.220000000000000000e+02 4.202748603712674197e-02
2.230000000000000000e+02 4.192294147546051647e-02
2.240000000000000000e+02 4.183869945720267158e-02
2.250000000000000000e+02 4.178915302933518261e-02
2.260000000000000000e+02 4.175792152474253061e-02
2.270000000000000000e+02 4.174031792476916303e-02
2.280000000000000000e+02 4.170733397190193315e-02
2.290000000000000000e+02 4.167859833745007209e-02
2.300000000000000000e+02 4.166197462307889149e-02
2.310000000000000000e+02 4.164678668602449230e-02
2.320000000000000000e+02 4.162925071942018274e-02
2.330000000000000000e+02 4.160611433017211841e-02
2.340000000000000000e+02 4.154397995067318772e-02
2.350000000000000000e+02 4.151673761049586020e-02
2.360000000000000000e+02 4.145293710771889850e-02
2.370000000000000000e+02 4.142622051237432323e-02
2.380000000000000000e+02 4.138757837421272456e-02
2.390000000000000000e+02 4.134750504642573099e-02
2.400000000000000000e+02 4.130628656874715809e-02
2.410000000000000000e+02 4.124147563696262120e-02
2.420000000000000000e+02 4.121721110685554190e-02
2.430000000000000000e+02 4.119562639941893450e-02
2.440000000000000000e+02 4.115831323171516981e-02
2.450000000000000000e+02 4.112099619302246600e-02
2.460000000000000000e+02 4.110914508243282417e-02
2.470000000000000000e+02 4.109761472854390335e-02
2.480000000000000000e+02 4.105926309249592621e-02
2.490000000000000000e+02 4.103825894655185186e-02
2.500000000000000000e+02 4.101570657000293274e-02
2.510000000000000000e+02 4.099812768475236124e-02
2.520000000000000000e+02 4.096599965199136661e-02
2.530000000000000000e+02 4.094351036551815981e-02
2.540000000000000000e+02 4.093554578103723168e-02
2.550000000000000000e+02 4.092875430198303355e-02
2.560000000000000000e+02 4.091967727505597258e-02
2.570000000000000000e+02 4.091387658323000776e-02
2.580000000000000000e+02 4.090489345145379568e-02
2.590000000000000000e+02 4.089815556989701006e-02
2.600000000000000000e+02 4.089296509874380814e-02
2.610000000000000000e+02 4.088457335311587726e-02
2.620000000000000000e+02 4.086817908145668615e-02
2.630000000000000000e+02 4.085578879351706855e-02
2.640000000000000000e+02 4.084546981053128328e-02
2.650000000000000000e+02 4.083918717955631328e-02
2.660000000000000000e+02 4.083533643599402546e-02
2.670000000000000000e+02 4.082840750913131062e-02
2.680000000000000000e+02 4.081934508102260523e-02
2.690000000000000000e+02 4.080519948931538715e-02
2.700000000000000000e+02 4.080037965868017757e-02
2.710000000000000000e+02 4.079131542353312684e-02
2.720000000000000000e+02 4.078497557127977458e-02
2.730000000000000000e+02 4.077822066799038914e-02
2.740000000000000000e+02 4.077259377717359218e-02
2.750000000000000000e+02 4.076782395309239831e-02
2.760000000000000000e+02 4.076584910336139567e-02
2.770000000000000000e+02 4.076440158411766268e-02
2.780000000000000000e+02 4.076028891602336696e-02
2.790000000000000000e+02 4.074554290492123088e-02
2.800000000000000000e+02 4.072868395361349536e-02
2.810000000000000000e+02 4.072158434038734842e-02
2.820000000000000000e+02 4.070652919735560232e-02
2.830000000000000000e+02 4.069346635896718689e-02
2.840000000000000000e+02 4.067733761813206728e-02
2.850000000000000000e+02 4.065256220513992907e-02
2.860000000000000000e+02 4.064453404714850338e-02
2.870000000000000000e+02 4.062694589169686676e-02
2.880000000000000000e+02 4.062257904913729734e-02
2.890000000000000000e+02 4.061513312894460270e-02
2.900000000000000000e+02 4.061317336992167210e-02
2.910000000000000000e+02 4.060974429984565148e-02
2.920000000000000000e+02 4.060343588330921072e-02
2.930000000000000000e+02 4.059361161088647502e-02
2.940000000000000000e+02 4.057732846158440543e-02
2.950000000000000000e+02 4.055890821766262172e-02
2.960000000000000000e+02 4.054077210626048228e-02
2.970000000000000000e+02 4.051299037050015706e-02
2.980000000000000000e+02 4.048707679349169974e-02
2.990000000000000000e+02 4.043818666787932919e-02
3.000000000000000000e+02 4.039525978488885116e-02
3.010000000000000000e+02 4.029984668772281647e-02
3.020000000000000000e+02 4.024793826400076269e-02
3.030000000000000000e+02 4.020627053305259740e-02
3.040000000000000000e+02 4.016863970479604001e-02
3.050000000000000000e+02 4.012533530120920150e-02
3.060000000000000000e+02 4.003405242802707265e-02
3.070000000000000000e+02 3.993525858442442678e-02
3.080000000000000000e+02 3.981098877040464140e-02
3.090000000000000000e+02 3.969869442057939041e-02
3.100000000000000000e+02 3.962572260384614881e-02
3.110000000000000000e+02 3.942211057855583844e-02
3.120000000000000000e+02 3.923303492241455442e-02
3.130000000000000000e+02 3.915434526244115920e-02
3.140000000000000000e+02 3.910453307548847346e-02
3.150000000000000000e+02 3.903777158821724463e-02
3.160000000000000000e+02 3.898775698840615395e-02
3.170000000000000000e+02 3.894064850063495842e-02
3.180000000000000000e+02 3.876755161004370037e-02
3.190000000000000000e+02 3.860610909628763715e-02
3.200000000000000000e+02 3.847745342103074673e-02
3.210000000000000000e+02 3.843009295003427250e-02
3.220000000000000000e+02 3.838592789240014708e-02
3.230000000000000000e+02 3.832329225945151768e-02
3.240000000000000000e+02 3.828508956866607388e-02
3.250000000000000000e+02 3.825967050142944220e-02
3.260000000000000000e+02 3.821089560471192109e-02
3.270000000000000000e+02 3.820211059610292142e-02
3.280000000000000000e+02 3.817380575497865414e-02
3.290000000000000000e+02 3.816678668333988583e-02
3.300000000000000000e+02 3.815885106557113243e-02
3.310000000000000000e+02 3.813605065298703717e-02
3.320000000000000000e+02 3.812042703855188924e-02
3.330000000000000000e+02 3.810578950975558599e-02
3.340000000000000000e+02 3.809903211039001453e-02
3.350000000000000000e+02 3.808098568208185403e-02
3.360000000000000000e+02 3.807840552721140220e-02
3.370000000000000000e+02 3.804618288782729563e-02
3.380000000000000000e+02 3.803142094046170485e-02
3.390000000000000000e+02 3.801546607130613237e-02
3.400000000000000000e+02 3.799708277307602827e-02
3.410000000000000000e+02 3.798149080859168636e-02
3.420000000000000000e+02 3.794864213078485288e-02
3.430000000000000000e+02 3.792572494416662776e-02
3.440000000000000000e+02 3.790667211693325711e-02
3.450000000000000000e+02 3.788885941442241001e-02
3.460000000000000000e+02 3.787090686657387101e-02
3.470000000000000000e+02 3.785812494533489364e-02
3.480000000000000000e+02 3.784834733358934805e-02
3.490000000000000000e+02 3.784499993200351325e-02
3.500000000000000000e+02 3.783878341812227375e-02
3.510000000000000000e+02 3.782922043597804901e-02
3.520000000000000000e+02 3.782599873645944161e-02
3.530000000000000000e+02 3.781995717036178845e-02
3.540000000000000000e+02 3.781476227136671558e-02
3.550000000000000000e+02 3.781044826356041305e-02
3.560000000000000000e+02 3.780343165099360470e-02
3.570000000000000000e+02 3.779766248663427725e-02
3.580000000000000000e+02 3.778998840182905272e-02
3.590000000000000000e+02 3.778492926880895608e-02
3.600000000000000000e+02 3.777472307737988338e-02
3.610000000000000000e+02 3.775834057821467193e-02
3.620000000000000000e+02 3.774733089578679451e-02
