4.220883862712496715e-01
3.583012920885789848e-02
5.768120430576112456e-01
1.090134552248906541e+00
3.764108491219628760e-01
-1.503764990362440324e-01
9.392399396362168806e-01
6.929378216305981386e-01
-7.643890240138472014e-02
2.430159106140322989e-01
1.055099044571838229e+00
4.563121209630716102e-01
5.414257342977698562e-01
1.962708638067541811e-01
4.730398649073034312e-01
1.551412967566344170e+00
7.747377733914203590e-01
3.913383936991722822e-01
7.799877081641966026e-01
1.048868589661154260e+00
7.002038946225092042e-01
1.191232400277627418e-01
3.684907460586541172e-01
3.656812100411163113e-01
