1.000000000000000000e+00 1.007583758789353662e-01
2.000000000000000000e+00 3.245136344152377977e-02
3.000000000000000000e+00 1.207765115021079520e-02
4.000000000000000000e+00 6.150313570892164405e-03
5.000000000000000000e+00 3.800104785335876954e-03
6.000000000000000000e+00 2.020984680791344280e-03
7.000000000000000000e+00 1.290365316134222014e-03
8.000000000000000000e+00 8.071515521886641351e-04
9.000000000000000000e+00 6.353834155458386226e-04
1.000000000000000000e+01 5.785870964171689352e-04
1.100000000000000000e+01 4.971722923898420909e-04
1.200000000000000000e+01 4.018489412422988970e-04
1.300000000000000000e+01 2.904788904590324575e-04
1.400000000000000000e+01 2.101167026157019398e-04
1.500000000000000000e+01 1.749902097646991036e-04
1.600000000000000000e+01 1.570585291374275720e-04
1.700000000000000000e+01 1.448043456062304336e-04
1.800000000000000000e+01 1.323497556435669273e-04
1.900000000000000000e+01 1.108834268766650810e-04
2.000000000000000000e+01 8.340639544567886830e-05
2.100000000000000000e+01 6.682237024013021223e-05
2.200000000000000000e+01 5.112162147361971187e-05
2.300000000000000000e+01 3.778953300598772831e-05
2.400000000000000000e+01 3.280559064119081792e-05
2.500000000000000000e+01 3.211117188167671589e-05
2.600000000000000000e+01 3.168816915658922707e-05
2.700000000000000000e+01 3.083917386558107882e-05
2.800000000000000000e+01 3.025904564060999063e-05
2.900000000000000000e+01 2.872307470171626116e-05
3.000000000000000000e+01 2.766911432596257513e-05
3.100000000000000000e+01 2.728840605626925002e-05
3.200000000000000000e+01 2.703441151041467464e-05
3.300000000000000000e+01 2.599009288492626230e-05
3.400000000000000000e+01 2.448216837932864175e-05
3.500000000000000000e+01 2.338611859579435790e-05
3.600000000000000000e+01 2.263891141578119033e-05
3.700000000000000000e+01 2.226808972154765653e-05
3.800000000000000000e+01 2.212967984093534862e-05
3.900000000000000000e+01 2.198192832439307688e-05
4.000000000000000000e+01 2.186334194100772574e-05
4.100000000000000000e+01 2.173010452367125000e-05
4.200000000000000000e+01 2.167497506428144890e-05
4.300000000000000000e+01 2.164837605443064073e-05
4.400000000000000000e+01 2.157222408436259661e-05
4.500000000000000000e+01 2.118856576957356297e-05
4.600000000000000000e+01 2.103602305329360824e-05
4.700000000000000000e+01 2.047755258044333765e-05
4.800000000000000000e+01 1.970436875600614133e-05
4.900000000000000000e+01 1.938418800243536577e-05
5.000000000000000000e+01 1.920746295051927691e-05
5.100000000000000000e+01 1.887638960018838075e-05
5.200000000000000000e+01 1.858968736583902582e-05
5.300000000000000000e+01 1.818639385004183537e-05
5.400000000000000000e+01 1.790311213026834206e-05
5.500000000000000000e+01 1.749541040920857190e-05
5.600000000000000000e+01 1.731293865352971260e-05
5.700000000000000000e+01 1.715659914672832748e-05
5.800000000000000000e+01 1.706194635774233839e-05
5.900000000000000000e+01 1.689699322587205393e-05
6.000000000000000000e+01 1.683337576676279809e-05
6.100000000000000000e+01 1.676921437776094333e-05
6.200000000000000000e+01 1.670517088075084048e-05
6.300000000000000000e+01 1.654566446667247502e-05
6.400000000000000000e+01 1.647152549697114183e-05
6.500000000000000000e+01 1.627544100193442560e-05
6.600000000000000000e+01 1.614755854756728747e-05
6.700000000000000000e+01 1.606318366502672827e-05
6.800000000000000000e+01 1.596060967512285934e-05
6.900000000000000000e+01 1.565395444310789546e-05
7.000000000000000000e+01 1.519934012835144602e-05
7.100000000000000000e+01 1.453871993046285386e-05
7.200000000000000000e+01 1.378105049885163728e-05
7.300000000000000000e+01 1.351338154053839831e-05
7.400000000000000000e+01 1.339380141052356231e-05
7.500000000000000000e+01 1.327111544057006416e-05
7.600000000000000000e+01 1.322121823524220729e-05
7.700000000000000000e+01 1.315117537278579373e-05
7.800000000000000000e+01 1.281675429673686282e-05
7.900000000000000000e+01 1.252514252253583604e-05
8.000000000000000000e+01 1.236767748097280445e-05
8.100000000000000000e+01 1.222664607539243240e-05
8.200000000000000000e+01 1.216465786538623825e-05
8.300000000000000000e+01 1.209171973025910822e-05
8.400000000000000000e+01 1.186375054938052775e-05
8.500000000000000000e+01 1.159246910963704590e-05
8.600000000000000000e+01 1.126529873883437471e-05
8.700000000000000000e+01 1.099986082388851067e-05
8.800000000000000000e+01 1.070509835353722521e-05
8.900000000000000000e+01 1.048065489063046010e-05
9.000000000000000000e+01 1.026477323525855592e-05
9.100000000000000000e+01 9.843592222980062888e-06
9.200000000000000000e+01 9.361467186553373658e-06
9.300000000000000000e+01 8.962430525905480368e-06
9.400000000000000000e+01 8.774836876245535979e-06
9.500000000000000000e+01 8.631383100738612899e-06
9.600000000000000000e+01 8.461729780575038648e-06
9.700000000000000000e+01 8.393293850510265454e-06
9.800000000000000000e+01 8.315736204145859388e-06
9.900000000000000000e+01 8.249092821041250121e-06
1.000000000000000000e+02 8.082493261301080533e-06
1.010000000000000000e+02 7.940685566305592122e-06
1.020000000000000000e+02 7.753973829616449021e-06
1.030000000000000000e+02 7.677667598871249383e-06
1.040000000000000000e+02 7.639576159849723234e-06
1.050000000000000000e+02 7.492134611335777517e-06
1.060000000000000000e+02 7.350101279955261126e-06
1.070000000000000000e+02 7.111654671139406828e-06
1.080000000000000000e+02 6.926285421912426032e-06
1.090000000000000000e+02 6.816908453480758080e-06
1.100000000000000000e+02 6.703868701247790338e-06
1.110000000000000000e+02 6.599930846564197202e-06
1.120000000000000000e+02 6.076085154996973322e-06
1.130000000000000000e+02 5.915166427465447996e-06
1.140000000000000000e+02 5.695483388854118614e-06
1.150000000000000000e+02 5.544479731133917052e-06
1.160000000000000000e+02 5.252831310555490342e-06
1.170000000000000000e+02 4.935465399995420376e-06
1.180000000000000000e+02 4.740126580511945876e-06
1.190000000000000000e+02 4.600642850728133083e-06
1.200000000000000000e+02 4.435298372841176709e-06
1.210000000000000000e+02 4.351385822255155111e-06
1.220000000000000000e+02 4.181702279899890800e-06
1.230000000000000000e+02 3.927879249504990581e-06
1.240000000000000000e+02 3.784822758364593823e-06
1.250000000000000000e+02 3.760591585593335051e-06
1.260000000000000000e+02 3.745778899032145322e-06
1.270000000000000000e+02 3.674620063413991987e-06
1.280000000000000000e+02 3.621866048721756857e-06
1.290000000000000000e+02 3.523390751857707281e-06
1.300000000000000000e+02 3.374495771512861992e-06
1.310000000000000000e+02 3.156721751744160384e-06
1.320000000000000000e+02 3.131721715355966564e-06
1.330000000000000000e+02 2.928896217425259843e-06
1.340000000000000000e+02 2.779587875662654830e-06
1.350000000000000000e+02 2.674837882073703071e-06
1.360000000000000000e+02 2.665998041623676670e-06
1.370000000000000000e+02 2.649067380162856922e-06
1.380000000000000000e+02 2.599974886660879507e-06
1.390000000000000000e+02 2.526700158160566773e-06
1.400000000000000000e+02 2.511202015427026993e-06
1.410000000000000000e+02 2.461746748666491514e-06
1.420000000000000000e+02 2.446919943480209926e-06
