4.490458613369869290e-01
-1.916348751556908037e-01
8.554102151193622161e-01
-1.003294862513045144e-01
6.206794046943699961e-01
-3.984744230852763081e-01
6.873431094321891255e-01
1.505571433933764913e+00
1.257683876823046942e+00
-3.512904160897357270e-02
1.061259571353345144e-01
1.845040715915050811e+00
9.546145409938961990e-01
-3.970478545188979025e-01
5.551562727837601185e-01
-2.859801323146027308e-01
5.106564414422757325e-01
-2.396237345890153692e-01
3.805267963351540161e-01
8.868147626830933383e-01
5.643529149954268354e-01
-1.223371774821573110e+00
1.870615567458566442e-01
-1.106204591653379629e-02
5.708514875648975639e-01
9.601482992064646060e-01
5.125387686137782284e-01
1.118773324273989900e+00
1.913289918618081842e-01
3.095535423496537653e-01
5.114666554391140707e-01
3.050945901695815143e-01
6.107636632502626284e-02
8.615347016785322998e-01
-6.892136819183247720e-02
4.463245653714799643e-01
8.016546262749204566e-01
2.044630071315294284e-01
5.052300806876747208e-01
1.392338324972169694e+00
-2.709136865074908695e-01
-2.630787206685109569e-01
9.694496788778874663e-01
9.477625398797688838e-01
5.852807093311185316e-01
-1.509056273996811810e-02
-2.336927524147433821e-01
8.714595215182945331e-01
