1.000000000000000000e+00 3.010986722764478207e-01
2.000000000000000000e+00 1.778548495088694281e-01
3.000000000000000000e+00 1.425331591510836937e-01
4.000000000000000000e+00 1.281479203497648545e-01
5.000000000000000000e+00 1.068666001808330768e-01
6.000000000000000000e+00 9.319405690717459667e-02
7.000000000000000000e+00 8.364429753531922584e-02
8.000000000000000000e+00 7.625082807953086073e-02
9.000000000000000000e+00 7.445655216646793195e-02
1.000000000000000000e+01 7.048830414919089737e-02
1.100000000000000000e+01 6.837453048213851248e-02
1.200000000000000000e+01 6.413859709405443643e-02
1.300000000000000000e+01 5.941585844106387487e-02
1.400000000000000000e+01 5.442847273588360263e-02
1.500000000000000000e+01 5.023221372665259005e-02
1.600000000000000000e+01 4.603394461961465844e-02
1.700000000000000000e+01 4.293407952467769018e-02
1.800000000000000000e+01 3.936725681874436722e-02
1.900000000000000000e+01 3.844859920539358406e-02
2.000000000000000000e+01 3.730277164608544055e-02
2.100000000000000000e+01 3.624146845927003757e-02
2.200000000000000000e+01 3.556215966350566998e-02
2.300000000000000000e+01 3.438456744745192056e-02
2.400000000000000000e+01 3.368080934785463998e-02
2.500000000000000000e+01 3.316610707816218528e-02
2.600000000000000000e+01 3.263311047485672328e-02
2.700000000000000000e+01 3.200429319788523214e-02
2.800000000000000000e+01 3.098036147164626164e-02
2.900000000000000000e+01 3.034192493120131673e-02
3.000000000000000000e+01 2.963724788666865020e-02
3.100000000000000000e+01 2.916483549337879969e-02
3.200000000000000000e+01 2.889379351824633915e-02
3.300000000000000000e+01 2.859559022975696752e-02
3.400000000000000000e+01 2.840709928787137073e-02
3.500000000000000000e+01 2.818291992207470897e-02
3.600000000000000000e+01 2.792548542548665275e-02
3.700000000000000000e+01 2.768163876880271046e-02
3.800000000000000000e+01 2.744997467993382304e-02
3.900000000000000000e+01 2.725742104354501871e-02
4.000000000000000000e+01 2.711032109142717805e-02
4.100000000000000000e+01 2.690467884367836807e-02
4.200000000000000000e+01 2.676676831756977931e-02
4.300000000000000000e+01 2.662498964350428279e-02
4.400000000000000000e+01 2.652010285267521889e-02
4.500000000000000000e+01 2.642651022547337983e-02
4.600000000000000000e+01 2.618415965284410715e-02
4.700000000000000000e+01 2.602521950811181178e-02
4.800000000000000000e+01 2.586433940497425213e-02
4.900000000000000000e+01 2.571640450123524949e-02
5.000000000000000000e+01 2.558621661060691069e-02
5.100000000000000000e+01 2.545359935764160766e-02
5.200000000000000000e+01 2.533266300109709643e-02
5.300000000000000000e+01 2.523499318733564076e-02
5.400000000000000000e+01 2.511542181148338632e-02
5.500000000000000000e+01 2.495446396993523594e-02
5.600000000000000000e+01 2.478229962549760926e-02
5.700000000000000000e+01 2.460985333026597527e-02
5.800000000000000000e+01 2.445054226683201007e-02
5.900000000000000000e+01 2.433445732023666042e-02
6.000000000000000000e+01 2.424141262501341987e-02
6.100000000000000000e+01 2.408821026052718889e-02
6.200000000000000000e+01 2.398225675254976597e-02
6.300000000000000000e+01 2.385424524620369940e-02
6.400000000000000000e+01 2.371919383515041016e-02
6.500000000000000000e+01 2.365031677266816665e-02
6.600000000000000000e+01 2.355204914178914144e-02
6.700000000000000000e+01 2.343666054164928250e-02
6.800000000000000000e+01 2.336302568223585022e-02
6.900000000000000000e+01 2.330601005654232838e-02
7.000000000000000000e+01 2.318075305082887422e-02
7.100000000000000000e+01 2.308982179579467317e-02
7.200000000000000000e+01 2.294110514093882988e-02
7.300000000000000000e+01 2.280463406885818375e-02
7.400000000000000000e+01 2.266744517707882517e-02
7.500000000000000000e+01 2.258756656813572933e-02
7.600000000000000000e+01 2.252217700298673672e-02
7.700000000000000000e+01 2.243913696881085287e-02
7.800000000000000000e+01 2.236840658296420509e-02
7.900000000000000000e+01 2.228423031678737273e-02
8.000000000000000000e+01 2.223226172310438162e-02
8.100000000000000000e+01 2.217386285451219269e-02
8.200000000000000000e+01 2.209191531541620027e-02
8.300000000000000000e+01 2.203272655014798867e-02
8.400000000000000000e+01 2.196586053181863452e-02
8.500000000000000000e+01 2.187920275747195359e-02
8.600000000000000000e+01 2.182346336695260847e-02
8.700000000000000000e+01 2.173438220204104709e-02
8.800000000000000000e+01 2.162430770499785757e-02
8.900000000000000000e+01 2.149504362926179732e-02
9.000000000000000000e+01 2.141641332590459024e-02
9.100000000000000000e+01 2.134629118217870949e-02
9.200000000000000000e+01 2.126398499939595801e-02
9.300000000000000000e+01 2.118073036304243470e-02
9.400000000000000000e+01 2.107212452375135936e-02
9.500000000000000000e+01 2.096898853459513642e-02
9.600000000000000000e+01 2.086980614024874434e-02
9.700000000000000000e+01 2.075558783011648145e-02
9.800000000000000000e+01 2.061014697675172744e-02
9.900000000000000000e+01 2.042173274765119936e-02
1.000000000000000000e+02 2.027369658947681536e-02
1.010000000000000000e+02 2.013690201499618651e-02
1.020000000000000000e+02 2.003721020258378629e-02
1.030000000000000000e+02 1.997778807274363730e-02
1.040000000000000000e+02 1.990905344167773899e-02
1.050000000000000000e+02 1.984404535414545021e-02
1.060000000000000000e+02 1.975786128626497162e-02
1.070000000000000000e+02 1.965487239825345483e-02
1.080000000000000000e+02 1.960811820861025137e-02
1.090000000000000000e+02 1.954307929768504815e-02
1.100000000000000000e+02 1.949895103221971349e-02
1.110000000000000000e+02 1.943343257940870553e-02
1.120000000000000000e+02 1.930033148618997413e-02
1.130000000000000000e+02 1.920799533296286415e-02
1.140000000000000000e+02 1.911469724883732568e-02
1.150000000000000000e+02 1.905957480690793904e-02
1.160000000000000000e+02 1.899762446233700663e-02
1.170000000000000000e+02 1.893352706266922258e-02
1.180000000000000000e+02 1.886691662022024762e-02
1.190000000000000000e+02 1.883487869511644985e-02
1.200000000000000000e+02 1.879574814937353885e-02
1.210000000000000000e+02 1.874626945546460297e-02
1.220000000000000000e+02 1.870800380773816884e-02
1.230000000000000000e+02 1.867733683122959482e-02
1.240000000000000000e+02 1.865433424614275706e-02
1.250000000000000000e+02 1.862813258138906747e-02
1.260000000000000000e+02 1.861174677552985754e-02
1.270000000000000000e+02 1.859311218346003380e-02
1.280000000000000000e+02 1.858702046315250864e-02
1.290000000000000000e+02 1.857684841759297406e-02
1.300000000000000000e+02 1.856389864316012120e-02
1.310000000000000000e+02 1.855010874966411816e-02
1.320000000000000000e+02 1.853599912161655802e-02
1.330000000000000000e+02 1.851012739698345080e-02
1.340000000000000000e+02 1.849563107499438072e-02
1.350000000000000000e+02 1.847612833228462828e-02
1.360000000000000000e+02 1.846249735074370277e-02
1.370000000000000000e+02 1.845126393444544710e-02
1.380000000000000000e+02 1.842927740174153325e-02
1.390000000000000000e+02 1.840601547688925851e-02
1.400000000000000000e+02 1.838229425007458298e-02
1.410000000000000000e+02 1.835381655780932153e-02
1.420000000000000000e+02 1.833769717767841020e-02
1.430000000000000000e+02 1.831180318085200154e-02
1.440000000000000000e+02 1.827427078196015159e-02
1.450000000000000000e+02 1.824950986181901255e-02
1.460000000000000000e+02 1.819640647657161034e-02
1.470000000000000000e+02 1.815246553897385123e-02
1.480000000000000000e+02 1.810908018896806651e-02
1.490000000000000000e+02 1.804267712824954295e-02
1.500000000000000000e+02 1.800417080810707074e-02
1.510000000000000000e+02 1.796651635505605235e-02
1.520000000000000000e+02 1.792098425606370934e-02
1.530000000000000000e+02 1.789921311767512721e-02
1.540000000000000000e+02 1.784572054233484265e-02
1.550000000000000000e+02 1.782178132657635458e-02
1.560000000000000000e+02 1.779159357955375359e-02
1.570000000000000000e+02 1.776891848063023860e-02
1.580000000000000000e+02 1.773754056858571973e-02
1.590000000000000000e+02 1.770451456140076374e-02
1.600000000000000000e+02 1.765637919690685176e-02
1.610000000000000000e+02 1.758212248544232040e-02
1.620000000000000000e+02 1.750251641203360090e-02
1.630000000000000000e+02 1.746053704399512171e-02
