1.368538282976377030e+00
-2.058059096098544261e-01
1.943847177529062220e+00
1.934155525984071478e+00
1.362890296191517692e+00
4.797914623920518928e-01
-1.281423909129445038e+00
5.791545455900369843e-01
1.570895722245642334e+00
8.840622360797795176e-01
2.224694725931949169e+00
7.358790973662260315e-01
-2.070787438009432435e+00
-7.130143890918628768e-01
6.662474612924187412e-01
5.613430961458891755e-01
5.886749207858782418e-01
1.608843133352414245e+00
7.086500212126187748e-01
6.622466830523593417e-01
-3.066031076558304314e-01
5.381255817745836945e-01
-3.328777436552029512e-01
3.173810660190060640e-01
-1.113114883955320655e-01
1.404936860968464263e+00
3.055289067427297001e-01
5.487664667494264459e-03
8.919593245381863822e-01
-2.717670162766346320e-01
1.491771714003877092e+00
-1.405040263128868872e-01
