1.000000000000000000e+00 1.613736507445781010e-01
2.000000000000000000e+00 1.379008261676834268e-01
3.000000000000000000e+00 1.079428196134744056e-01
4.000000000000000000e+00 9.218618696270049206e-02
5.000000000000000000e+00 7.640731508006359807e-02
6.000000000000000000e+00 5.790769971064888694e-02
7.000000000000000000e+00 4.775536002296774246e-02
8.000000000000000000e+00 4.362436599496514328e-02
9.000000000000000000e+00 3.990708522557304128e-02
1.000000000000000000e+01 3.683021951107965514e-02
1.100000000000000000e+01 3.603485643836641661e-02
1.200000000000000000e+01 3.539214320234674443e-02
1.300000000000000000e+01 3.462932600849076559e-02
1.400000000000000000e+01 3.412093255920687490e-02
1.500000000000000000e+01 3.366739178981890263e-02
1.600000000000000000e+01 3.323104126408707448e-02
1.700000000000000000e+01 3.219068908965406345e-02
1.800000000000000000e+01 3.190432262717993184e-02
1.900000000000000000e+01 3.099128704127341802e-02
2.000000000000000000e+01 3.001730468872982477e-02
2.100000000000000000e+01 2.907343914970425547e-02
2.200000000000000000e+01 2.889349994520292592e-02
2.300000000000000000e+01 2.875775644341246537e-02
2.400000000000000000e+01 2.839305792831915698e-02
2.500000000000000000e+01 2.817682219837450847e-02
2.600000000000000000e+01 2.775900620594982590e-02
2.700000000000000000e+01 2.737784373832755080e-02
2.800000000000000000e+01 2.696351159605418074e-02
2.900000000000000000e+01 2.682459992904720827e-02
3.000000000000000000e+01 2.677204739610405948e-02
3.100000000000000000e+01 2.672519703480150804e-02
3.200000000000000000e+01 2.662905577671262694e-02
3.300000000000000000e+01 2.631700912326122646e-02
3.400000000000000000e+01 2.600610334375790672e-02
3.500000000000000000e+01 2.538847743694063255e-02
3.600000000000000000e+01 2.454389840788107069e-02
3.700000000000000000e+01 2.408070133413103484e-02
3.800000000000000000e+01 2.358273291753551146e-02
3.900000000000000000e+01 2.317330983698260433e-02
4.000000000000000000e+01 2.256631176496877444e-02
4.100000000000000000e+01 2.217672014213911691e-02
4.200000000000000000e+01 2.186305854837309812e-02
4.300000000000000000e+01 2.176254953907135262e-02
4.400000000000000000e+01 2.157076453149877476e-02
4.500000000000000000e+01 2.135209381224911426e-02
4.600000000000000000e+01 2.107538444282011994e-02
4.700000000000000000e+01 2.100681801108311014e-02
4.800000000000000000e+01 2.094404116328139193e-02
4.900000000000000000e+01 2.093199374745035798e-02
5.000000000000000000e+01 2.091764080080969410e-02
5.100000000000000000e+01 2.088759853901199157e-02
5.200000000000000000e+01 2.086425185483040817e-02
5.300000000000000000e+01 2.082686307105168291e-02
5.400000000000000000e+01 2.080659651416925243e-02
5.500000000000000000e+01 2.077461429771002011e-02
5.600000000000000000e+01 2.075189229006116354e-02
5.700000000000000000e+01 2.071073762621403191e-02
5.800000000000000000e+01 2.064073941427581327e-02
5.900000000000000000e+01 2.062644413452732056e-02
6.000000000000000000e+01 2.058176107484180339e-02
6.100000000000000000e+01 2.056557136572366093e-02
6.200000000000000000e+01 2.053589367313030448e-02
6.300000000000000000e+01 2.049402280989228928e-02
6.400000000000000000e+01 2.043254420546960354e-02
6.500000000000000000e+01 2.035549541466172979e-02
6.600000000000000000e+01 2.022131715010100361e-02
6.700000000000000000e+01 1.994373059059404221e-02
6.800000000000000000e+01 1.977246141819734293e-02
6.900000000000000000e+01 1.933825953574975012e-02
7.000000000000000000e+01 1.884903792371121767e-02
7.100000000000000000e+01 1.877540207529295596e-02
7.200000000000000000e+01 1.809625154568512626e-02
7.300000000000000000e+01 1.761483193809100165e-02
7.400000000000000000e+01 1.706719718335803979e-02
7.500000000000000000e+01 1.671401521925859265e-02
7.600000000000000000e+01 1.599730333526704421e-02
7.700000000000000000e+01 1.568236780467120728e-02
7.800000000000000000e+01 1.535203906519715805e-02
7.900000000000000000e+01 1.458461500151547914e-02
8.000000000000000000e+01 1.422611641997037837e-02
8.100000000000000000e+01 1.411046986405717178e-02
8.200000000000000000e+01 1.401887084891439289e-02
8.300000000000000000e+01 1.397240087108050227e-02
8.400000000000000000e+01 1.394707600751933854e-02
8.500000000000000000e+01 1.392024323297894745e-02
8.600000000000000000e+01 1.391431645306130671e-02
8.700000000000000000e+01 1.389087857882139593e-02
8.800000000000000000e+01 1.387238562075882899e-02
8.900000000000000000e+01 1.385998143122649587e-02
9.000000000000000000e+01 1.384503195297970800e-02
9.100000000000000000e+01 1.382611878862083539e-02
9.200000000000000000e+01 1.381113919710032396e-02
9.300000000000000000e+01 1.380423748532285701e-02
9.400000000000000000e+01 1.379987059349371305e-02
9.500000000000000000e+01 1.379445414657760882e-02
9.600000000000000000e+01 1.378937303653353028e-02
9.700000000000000000e+01 1.378734414448071904e-02
9.800000000000000000e+01 1.378491816551132704e-02
9.900000000000000000e+01 1.378216445455671645e-02
1.000000000000000000e+02 1.377826333906709624e-02
1.010000000000000000e+02 1.377423335261550308e-02
1.020000000000000000e+02 1.377052961575121921e-02
1.030000000000000000e+02 1.376724481474832229e-02
1.040000000000000000e+02 1.376113726636116891e-02
1.050000000000000000e+02 1.375731975452213450e-02
1.060000000000000000e+02 1.375342249530796951e-02
1.070000000000000000e+02 1.375156337241698230e-02
1.080000000000000000e+02 1.375020610165457111e-02
1.090000000000000000e+02 1.374758643911970155e-02
1.100000000000000000e+02 1.374329053827753194e-02
1.110000000000000000e+02 1.373977418533336471e-02
1.120000000000000000e+02 1.373744434871547460e-02
1.130000000000000000e+02 1.373513951105680836e-02
1.140000000000000000e+02 1.373292585202689868e-02
1.150000000000000000e+02 1.373051200135815345e-02
1.160000000000000000e+02 1.372782959970852978e-02
1.170000000000000000e+02 1.372278285876656762e-02
1.180000000000000000e+02 1.372002033356393806e-02
1.190000000000000000e+02 1.371621638405840123e-02
1.200000000000000000e+02 1.371308396395643642e-02
1.210000000000000000e+02 1.370985652296600153e-02
1.220000000000000000e+02 1.370852216286342316e-02
1.230000000000000000e+02 1.370443224265286385e-02
1.240000000000000000e+02 1.370262200549710215e-02
1.250000000000000000e+02 1.370070811772854634e-02
1.260000000000000000e+02 1.369898634298649144e-02
1.270000000000000000e+02 1.369728346352991691e-02
1.280000000000000000e+02 1.369491482198632176e-02
1.290000000000000000e+02 1.369161760613565523e-02
1.300000000000000000e+02 1.369102079865579941e-02
1.310000000000000000e+02 1.369000259894768111e-02
1.320000000000000000e+02 1.368990661476077696e-02
1.330000000000000000e+02 1.368983610729420514e-02
1.340000000000000000e+02 1.368982007877289457e-02
1.350000000000000000e+02 1.368976810081714429e-02
1.360000000000000000e+02 1.368972423307036196e-02
1.370000000000000000e+02 1.368971426502298486e-02
1.380000000000000000e+02 1.368969117689706333e-02
1.390000000000000000e+02 1.368968400086313132e-02
1.400000000000000000e+02 1.368967796313687486e-02
1.410000000000000000e+02 1.368966941062939487e-02
1.420000000000000000e+02 1.368965350947309693e-02
1.430000000000000000e+02 1.368963444247170251e-02
1.440000000000000000e+02 1.368962439869102557e-02
1.450000000000000000e+02 1.368961943780691061e-02
1.460000000000000000e+02 1.368961572302580115e-02
1.470000000000000000e+02 1.368961389132437000e-02
